iter,global_step,episode_return,mean_step_reward,episodes_completed,policy_loss,value_loss,entropy,total_loss,grad_norm,approx_kl,clipfrac,explained_variance,mean_ratio_epoch0,lr,seed
0,3200,-608.536828994751,-6.085368232727051,32,-0.0018962792197748934,4348.47119140625,2.196848750114441,2174.2117309570312,30.858522176742554,0.0004001807519103166,0.0,0.002644479274749756,1.0,0.0005,1
1,6400,-578.883378982544,-5.788834004402161,64,-0.00045961210792322404,3892.1068267822266,2.1951265037059784,1946.0309753417969,37.095768332481384,0.00018395375889226055,0.0,0.0015311241149902344,1.0,0.0005,1
2,9600,-581.8632211685181,-5.818632297515869,96,-0.0007915793860744369,4013.1510162353516,2.193549394607544,2006.5527572631836,38.679630637168884,0.0001409574541926195,0.0,0.004716336727142334,1.0,0.0005,1
3,12800,-561.9685640335083,-5.619685773849487,128,-0.00041043740810042806,3696.353042602539,2.192271515727043,1848.1541442871094,35.139220118522644,0.00011149198572039572,0.0,-0.0014640092849731445,1.0,0.0005,1
4,16000,-664.0841865539551,-6.640841674804688,160,-0.00042744175105990934,5365.150909423828,2.1914289593696594,2682.5530700683594,46.1746301651001,0.0001190790091530275,0.0,0.0013828277587890625,1.0,0.0005,1
5,19200,-623.5383892059326,-6.235383973121643,192,-0.0005281782128212509,4711.318176269531,2.1913163661956787,2355.6366119384766,43.74633431434631,8.426942092426412e-05,0.0,0.0003617405891418457,1.0,0.0005,1
6,22400,-523.9028205871582,-5.239028258323669,224,-0.00020767312660696646,3189.507034301758,2.1910794228315353,1594.7314376831055,36.69253051280975,7.330544767144491e-05,0.0,-0.00883638858795166,1.0,0.0005,1
7,25600,-576.181037902832,-5.76181056022644,256,-0.00032415703203536594,4038.1973266601562,2.1909946501255035,2019.0764389038086,38.538864970207214,6.361039835694842e-05,0.0,0.003751695156097412,1.0,0.0005,1
8,28800,-553.1198072433472,-5.531198115348816,288,-0.00039327214204148975,3624.2460174560547,2.1907114386558533,1812.1007614135742,38.96512722969055,7.920188244299131e-05,0.0,-0.00799417495727539,1.0,0.0005,1
9,32000,-554.776997089386,-5.5477698612213135,320,-0.00025110624712532115,3561.0103912353516,2.1903867721557617,1780.4830856323242,43.70482712984085,6.93815827975521e-05,0.0,0.004312276840209961,1.0,0.0005,1
10,35200,-502.5106110572815,-5.025105986595154,352,-0.00030822530765339806,3010.304244995117,2.190317779779434,1505.1299667358398,43.01062572002411,8.496573259752949e-05,0.0,0.0035150647163391113,1.0,0.0005,1
11,38400,-561.2303400039673,-5.612303457260132,384,-0.0010274126603447287,3746.3138580322266,2.1876290291547775,1873.134048461914,46.81247800588608,0.00025040059998138355,0.0,-0.0137861967086792,1.0,0.0005,1
12,41600,-553.6307773590088,-5.536307559013367,416,7.840332646091852e-05,3638.716796875,2.184984430670738,1819.3366165161133,52.03504037857056,0.00014783236409277294,0.0,0.015881776809692383,1.0,0.0005,1
13,44800,-615.2961673736572,-6.152961483001709,448,-0.00018784972057495075,4414.752746582031,2.1850241273641586,2207.3543701171875,57.910295248031616,0.0005786694496240476,0.0,-0.004350423812866211,1.0,0.0005,1
14,48000,-560.1410884857178,-5.601411089897156,480,-0.0004444826054168516,3574.1868743896484,2.1857426315546036,1787.071144104004,52.31477215886116,0.0001462027188669222,0.0,-0.006257891654968262,1.0,0.0005,1
15,51200,-533.1134881973267,-5.331134867668152,512,-0.0002491409522189514,3251.0225982666016,2.183407872915268,1625.4892044067383,54.07578883972019,0.0005582235769456123,0.0,-0.012738466262817383,1.0,0.0005,1
16,54400,-614.5991249084473,-6.145991334915161,544,0.0005402988483305116,4304.324432373047,2.180037349462509,2152.1410217285156,66.2054014839232,0.0014651526817037281,0.0027083333261543885,-0.010504722595214844,1.0,0.0005,1
17,57600,-538.5737347602844,-5.385737371444702,576,-0.00014492369754259826,3378.4515075683594,2.1784094870090485,1689.2038650512695,52.995167614426464,0.00046317923488503165,0.0,-0.0023800134658813477,1.0,0.0005,1
18,60800,-526.9361233711243,-5.2693612766265865,608,0.00014633504450101142,3284.506866455078,2.1788370013237,1642.231788635254,57.69936151755974,0.000983543632628816,0.00028645834390772507,-0.026453256607055664,1.0,0.0005,1
19,64000,-541.7227354049683,-5.4172273445129395,640,-6.452856107669325e-05,3459.4173889160156,2.1732334941625595,1729.6869049072266,56.14455324783921,0.0006712276519924107,0.0,-0.0058498382568359375,1.0,0.0005,1
20,67200,-558.6821842193604,-5.586821722984314,672,-0.0009630910337053988,3705.217742919922,2.1697042286396027,1852.5861740112305,55.17188866715878,0.0006174027199112893,0.0,-0.0007765293121337891,1.0,0.0005,1
21,70400,-552.2065734863281,-5.522065615653991,704,-0.0005833201810855893,3386.2462463378906,2.1617820411920547,1693.1009216308594,58.5705038215965,0.002116728476722113,0.008255208376795053,0.0068146586418151855,1.0,0.0005,1
22,73600,-583.9498829841614,-5.83949887752533,736,0.00011536762546549006,3913.674789428711,2.154792472720146,1956.8159637451172,72.3118237904273,0.0013356490342180457,0.0014583333468181081,-0.004700422286987305,1.0,0.0005,1
23,76800,-568.0843906402588,-5.680843796730041,768,9.46223279427727e-05,3804.4734497070312,2.158831402659416,1902.2152099609375,61.51540630450472,0.0007198457793725016,2.604166729724966e-05,0.00270003080368042,1.0,0.0005,1
24,80000,-535.1420621871948,-5.351420903205872,800,-0.00034606826141497793,3313.3143615722656,2.156267836689949,1656.63525390625,61.85624930495396,0.0009847208823434946,0.0006250000224099495,-0.01110982894897461,1.0,0.0005,1
25,83200,-552.9055738449097,-5.529055886268615,832,-0.00037622243413348855,3587.9439086914062,2.1498156636953354,1793.9501113891602,63.46340338792652,0.0007574927581122939,0.00010416666555101983,-0.0157090425491333,1.0,0.0005,1
26,86400,-510.00999450683594,-5.100100145339966,864,-0.0005220005979209574,2923.269561767578,2.14803384244442,1461.6127853393555,60.50014269258827,0.0012977418421092702,0.0028125000244472176,0.011539459228515625,1.0,0.0005,1
27,89600,-541.9198117256165,-5.419198188781738,896,-0.0005035095445364846,3423.4095916748047,2.144106477499008,1711.6828155517578,65.6788292187266,0.00045237340089041565,7.812499825377017e-05,-0.01921999454498291,1.0,0.0005,1
28,92800,-565.0490226745605,-5.650490131378174,928,-0.0004273705800976746,3502.4515991210938,2.15011827647686,1751.2039031982422,67.02807086333632,0.0007965430050949746,0.0001822916674427688,-0.0027495622634887695,1.0,0.0005,1
29,96000,-552.0674438476562,-5.52067464351654,960,-0.00012487945085160046,3385.5320739746094,2.149024724960327,1692.7444305419922,62.972343975212425,0.0009943298985040684,0.0012239583666087128,-0.012205362319946289,1.0,0.0005,1
30,99200,-519.2512493133545,-5.192512273788452,992,-0.0006014049071625394,3027.844711303711,2.160623714327812,1513.9001388549805,59.37189909117296,0.0006992721741885666,0.0003906250021827873,-0.01107323169708252,1.0,0.0005,1
31,102400,-613.7252216339111,-6.137252321243286,1024,-4.801858672198733e-05,4240.114669799805,2.1537725180387497,2120.0358123779297,69.471819027327,0.0006548757112346069,0.00044270831858739257,-0.0039310455322265625,1.0,0.0005,1
32,105600,-552.1206655502319,-5.521206617355347,1056,-0.0005026218621544398,3429.5420532226562,2.156265839934349,1714.7489395141602,66.38747219741344,0.0005331064842271219,0.0,0.0013499259948730469,1.0,0.0005,1
33,108800,-555.781081199646,-5.55781081199646,1088,-6.303625453529804e-05,3405.3972930908203,2.151671454310417,1702.677101135254,63.65353581449017,0.00038958878201410805,0.0001822916674427688,-0.007725834846496582,1.0,0.0005,1
34,112000,-554.1013746261597,-5.541013674736023,1120,-0.000405351561184375,3397.265151977539,2.148441880941391,1698.6106872558594,62.394318936392665,0.0009032536200953043,0.0008854166808305308,-0.008090853691101074,1.0,0.0005,1
35,115200,-571.9386329650879,-5.719386448860169,1152,-0.00040713640136358364,3549.89208984375,2.1424898207187653,1774.924217224121,65.85117114381865,0.0006552959212063492,0.0,-0.003626227378845215,1.0,0.0005,1
36,118400,-533.2626600265503,-5.332626667022705,1184,-0.00044693964348585524,3057.1585540771484,2.149881988763809,1528.5573348999023,63.55546258063987,0.00047357213827628843,0.0,-0.0013418197631835938,1.0,0.0005,1
37,121600,-527.8819856643677,-5.278819890022278,1216,-0.00022498180398322631,3013.362533569336,2.141509309411049,1506.6596603393555,61.5217945035547,0.0007163594606259316,0.00072916665521916,0.00010502338409423828,1.0,0.0005,1
38,124800,-521.7541584968567,-5.217541494369507,1248,-0.0007694517033409731,2991.6483764648438,2.1367469877004623,1495.8020477294922,65.07211575238034,0.0005453772121205148,0.0008072916934906971,-0.011329054832458496,1.0,0.0005,1
39,128000,-471.8537836074829,-4.718537735939026,1280,-0.0006209085003545667,2398.7084350585938,2.153085023164749,1199.3320770263672,53.61148046981543,0.0014843655078498649,0.010703125004511094,-0.004552125930786133,1.0,0.0005,1
40,131200,-495.25442028045654,-4.952544322013855,1312,-0.0003538762571285714,2682.9314727783203,2.1553971618413925,1341.4437942504883,59.530271138530225,0.00058504780770417,0.00020833333837799728,-0.0044116973876953125,1.0,0.0005,1
41,134400,-517.5481648445129,-5.175481553077698,1344,-0.0003211674102190365,2808.4705352783203,2.1478261053562164,1404.2134628295898,62.302535405848175,0.0006355486611942403,0.0,-0.009641647338867188,1.0,0.0005,1
42,137600,-528.8071413040161,-5.288071327209472,1376,-0.0009248217729522779,3069.361328125,2.1464249789714813,1534.6582565307617,62.91044104937464,0.0007303189703412518,5.208333459449932e-05,-0.004548788070678711,1.0,0.0005,1
43,140800,-514.0496120452881,-5.140496010780335,1408,-0.0005682637484945019,2964.03564453125,2.1569394767284393,1481.9956436157227,62.31069683423266,0.0006418151459689094,0.0001302083328482695,-0.004177093505859375,1.0,0.0005,1
44,144000,-486.71086072921753,-4.867108607292176,1440,-0.0010190130410467901,2513.445114135742,2.15679731965065,1256.6999435424805,60.63176016602665,0.0005622802925136553,0.00028645832935580984,-0.005168795585632324,1.0,0.0005,1
45,147200,-474.3004846572876,-4.743005080223083,1472,-0.00010952746047143691,2406.0150146484375,2.161463588476181,1202.9858016967773,59.99395119375549,0.0005664403354335332,0.0,-0.01042795181274414,1.0,0.0005,1
46,150400,-500.6153984069824,-5.006154098510742,1504,-0.0006370720580881895,2739.597900390625,2.1524977535009384,1369.7767944335938,59.22015525307506,0.00042945971330306086,0.0,-0.005267620086669922,1.0,0.0005,1
47,153600,-530.1744689941406,-5.3017446804046635,1536,-0.00046778825964644,3002.5503540039062,2.1416445523500443,1501.2532958984375,65.99328863434494,0.0009151313706757669,2.604166729724966e-05,-0.006936788558959961,1.0,0.0005,1
48,156800,-525.3159141540527,-5.253159227371216,1568,-0.00012584419379013667,2974.4649810791016,2.1331732720136642,1487.2110214233398,63.07518519833684,0.0009961722378199183,0.000781249997089617,-0.006700634956359863,1.0,0.0005,1
49,160000,-523.2095804214478,-5.232095646858215,1600,0.00015568233578955315,2940.696258544922,2.1341656893491745,1470.3269119262695,66.01902601774782,0.0006013123405642523,0.0,-0.0031592845916748047,1.0,0.0005,1
50,163200,-513.9726552963257,-5.139726581573487,1632,-2.8041131754363846e-05,2774.8162536621094,2.128838390111923,1387.3868255615234,66.69782868539914,0.0005565143712834802,0.0,-0.003751039505004883,1.0,0.0005,1
51,166400,-486.3323726654053,-4.86332380771637,1664,-0.0010193316374515482,2433.2716674804688,2.122286632657051,1216.6135787963867,61.49318120628595,0.0008416859221830718,2.604166729724966e-05,-0.0037941932678222656,1.0,0.0005,1
52,169600,-502.3508129119873,-5.023508224487305,1696,0.0003348620229628452,2641.261016845703,2.1323575526475906,1320.6094818115234,63.80452220514417,0.0008919945023540933,0.0003125000002910383,-0.002816915512084961,1.0,0.0005,1
53,172800,-504.39628982543945,-5.04396315574646,1728,-0.000599290330734803,2619.0594329833984,2.1260942816734314,1309.5078811645508,65.64588794019073,0.0005799924465469468,0.0,-0.0021358728408813477,1.0,0.0005,1
54,176000,-514.3230662345886,-5.143230557441711,1760,-0.00026369232569045664,2799.710479736328,2.116030216217041,1399.833839416504,67.42685121577233,0.0005455637137862478,0.0,-0.002087831497192383,1.0,0.0005,1
55,179200,-552.458794593811,-5.5245880603790285,1792,-7.934133262388343e-05,3158.563461303711,2.1061657071113586,1579.2605895996094,71.85313352709636,0.0006421869777575033,0.0,-0.001883864402770996,1.0,0.0005,1
56,182400,-529.5144395828247,-5.2951442241668705,1824,-0.0001870186088828163,2891.8529357910156,2.1085196286439896,1445.9051818847656,69.95598006714135,0.0009354895393022844,0.0008593749953433871,-0.002579927444458008,1.0,0.0005,1
57,185600,-466.3225359916687,-4.663225564956665,1856,-0.00021468661962298352,2293.4601287841797,2.126668304204941,1146.7086029052734,62.55464836396277,0.0006050842951032295,0.0,-0.002997875213623047,1.0,0.0005,1
58,188800,-454.5192537307739,-4.545192370414734,1888,-0.00024667639262521135,2098.1645126342773,2.113180950284004,1049.0608825683594,60.27063853107393,0.0009019998136642704,0.0013020833357586525,-0.002519845962524414,1.0,0.0005,1
59,192000,-528.166916847229,-5.28166916847229,1920,-0.00046031265077672856,2763.3697509765625,2.111274167895317,1381.6633071899414,70.2971496428363,0.0006116756070474966,0.000520833331393078,-0.002108931541442871,1.0,0.0005,1
60,195200,-457.77374839782715,-4.577737321853638,1952,-0.0009085021931056758,2212.6261138916016,2.0996880382299423,1106.2911529541016,61.08300401829183,0.0012489872442535245,0.008489583437039983,-0.003419041633605957,1.0,0.0005,1
61,198400,-494.8198528289795,-4.948198409080505,1984,-0.00011071175481403017,2568.6068420410156,2.1020200699567795,1284.2822875976562,66.6647505084984,0.0008632867426291789,0.0013281249812280294,-0.0016024112701416016,1.0,0.0005,1
62,201600,-496.17383575439453,-4.961738061904907,2016,-0.0005505530253504531,2506.7127532958984,2.0994777530431747,1253.3348388671875,69.00145022012293,0.001374625872586593,0.003567708314221818,-0.0015949010848999023,1.0,0.0005,1
63,204800,-480.7356786727905,-4.807356824874878,2048,-7.852102398375749e-05,2350.4686737060547,2.1037612557411194,1175.213249206543,64.84783070581034,0.0012228012449219993,0.002968749999126885,-0.0024961233139038086,1.0,0.0005,1
64,208000,-506.47321367263794,-5.064732475280762,2080,-0.0004049779264487796,2699.1910400390625,2.0922852605581284,1349.574203491211,69.31507445219904,0.000566383921466869,0.0001302083401242271,-0.0012521743774414062,1.0,0.0005,1
65,211200,-472.3600187301636,-4.72360032081604,2112,-0.0003765392809542689,2230.2840881347656,2.077990487217903,1115.1208877563477,63.70636318111792,0.0011533332251480667,0.0023958333367772866,-0.0012625455856323242,1.0,0.0005,1
66,214400,-436.9649500846863,-4.369649381637573,2144,-0.00044799364235281747,1949.9989318847656,2.085204914212227,974.9781646728516,60.290822613518685,0.0006912962321627938,0.0008854166808305308,-0.0015195608139038086,1.0,0.0005,1
67,217600,-468.58357524871826,-4.685835797786712,2176,-0.0006386021240207818,2168.7837524414062,2.0751406252384186,1084.370475769043,63.89036079868674,0.0009739489808005201,0.002786458302580286,-0.0017924308776855469,1.0,0.0005,1
68,220800,-522.782940864563,-5.227829370498657,2208,-2.8897900689717204e-05,2669.5386352539062,2.070969879627228,1334.7485733032227,72.95691165328026,0.0012864363679916215,0.004296874987630872,-0.0011546611785888672,1.0,0.0005,1
69,224000,-496.1466751098633,-4.961466493606568,2240,0.0001221486608815603,2429.4407653808594,2.083993762731552,1214.6996612548828,69.28327977377921,0.0008141529337997104,0.0017968750289583113,-0.0009943246841430664,1.0,0.0005,1
70,227200,-403.86273288726807,-4.0386274981498715,2272,1.1194871657682626e-05,1668.047492980957,2.083131119608879,834.0029258728027,56.38035514391959,0.0005628055896529251,0.00028645832935580984,-0.0009722709655761719,1.0,0.0005,1
71,230400,-486.1029272079468,-4.861029129028321,2304,-0.00019888695397352052,2413.546661376953,2.0779301822185516,1206.7523727416992,68.23126491624862,0.0008445789505919722,0.0008072916789387818,-0.001567840576171875,1.0,0.0005,1
72,233600,-462.29914474487305,-4.6229912424087525,2336,-0.0006216467651636304,2150.855758666992,2.0788550972938538,1075.406494140625,63.52373317955062,0.001028993708474189,0.004583333360642428,-0.0016214847564697266,1.0,0.0005,1
73,236800,-487.5426654815674,-4.875426697731018,2368,-0.00025042841372246993,2442.3563232421875,2.0731009393930435,1221.1571731567383,69.75250178901479,0.0008681654333038115,0.0021354166383389384,-0.0008586645126342773,1.0,0.0005,1
74,240000,-478.89451122283936,-4.788945050239563,2400,-0.0004974919525686516,2298.619400024414,2.0705665349960327,1149.2884979248047,67.47807799652219,0.0014188970183120068,0.006223958396731177,-0.0009943246841430664,1.0,0.0005,1
75,243200,-468.53882789611816,-4.685388083457947,2432,-0.001020536601257227,2198.9956436157227,2.086483657360077,1099.4759330749512,66.90429524704814,0.0011494303771548728,0.004661458184273215,-0.0010210275650024414,1.0,0.0005,1
76,246400,-444.48155975341797,-4.444815573692321,2464,-0.0010425233744262297,1958.6961059570312,2.0928654968738556,979.3260765075684,63.11005899682641,0.00102761585503753,0.002005208356422372,-0.0012258291244506836,1.0,0.0005,1
77,249600,-428.0060930252075,-4.280060746669769,2496,-0.0003252441534034034,1790.6794357299805,2.083447188138962,895.3185539245605,60.906851023901254,0.0018489494682405636,0.006432291746023111,-0.0012749433517456055,1.0,0.0005,1
78,252800,-439.4248366355896,-4.394248261451721,2528,-0.0004100575069116985,1919.3965682983398,2.0683886259794235,959.6771926879883,62.44218434533104,0.0007966520707902734,0.0010156250173167791,-0.0008101463317871094,1.0,0.0005,1
79,256000,-446.8354482650757,-4.468354377746582,2560,-0.00019798694391881533,1906.1654357910156,2.060367852449417,953.0619239807129,63.63872065581381,0.0011413830068256882,0.0004947916677338071,-0.0010900497436523438,1.0,0.0005,1
80,259200,-426.42595911026,-4.264259643554688,2592,5.4153587431438055e-05,1739.4464416503906,2.039367899298668,869.7028770446777,59.474101731553674,0.0008866635704414568,7.812499825377017e-05,-8.046627044677734e-05,1.0,0.0005,1
81,262400,-472.0970969200134,-4.720971012115479,2624,-0.0005287255745165531,2214.6041564941406,2.0564426481723785,1107.2809829711914,66.59099879581481,0.001659824696844938,0.005859374996362021,-0.0005782842636108398,1.0,0.0005,1
82,265600,-476.3249068260193,-4.763248810768127,2656,-9.348233756711899e-05,2259.2421875,2.064270108938217,1129.6003494262695,69.8845270681195,0.0008494623421036675,0.00020833333837799728,-0.0009126663208007812,1.0,0.0005,1
83,268800,-455.94770860671997,-4.559477014541626,2688,-0.0006237720740607244,2035.714599609375,2.084275931119919,1017.835823059082,65.35389904351905,0.0007574383124626846,0.0004427083258633502,-0.001424551010131836,1.0,0.0005,1
84,272000,-445.0541477203369,-4.4505414867401125,2720,-0.0002577071667111408,1954.2225799560547,2.0796826034784317,977.0902328491211,65.79870808962733,0.001225604649108142,0.0017708333434711676,-0.0006191730499267578,1.0,0.0005,1
85,275200,-469.943932056427,-4.699439353942871,2752,-0.0010764426877782896,2240.0240325927734,2.0592503547668457,1119.9903717041016,67.00011282460764,0.0018468919965932327,0.00757812512529199,-0.0012868642807006836,1.0,0.0005,1
86,278400,-517.2685413360596,-5.172685661315918,2784,-0.00022863430312369815,2695.1873626708984,2.05602565407753,1347.5729064941406,76.38749566487968,0.0009862241565776982,0.001432291686796816,-0.000680088996887207,1.0,0.0005,1
87,281600,-498.69691228866577,-4.986969275474548,2816,0.0005486789639486123,2476.8384399414062,2.0636357367038727,1238.3991317749023,73.478293991182,0.0005874679312689711,0.0,-0.0006835460662841797,1.0,0.0005,1
88,284800,-509.5795850753784,-5.095795907974243,2848,-0.0005005128802442194,2489.502700805664,2.065787613391876,1244.7302169799805,74.58333645248786,0.0008170970702401448,0.0001302083364862483,-0.0009560585021972656,1.0,0.0005,1
89,288000,-506.1212406158447,-5.061212406158448,2880,-0.0004937223851158024,2451.6965942382812,2.0499922037124634,1225.827293395996,74.68303165817633,0.0008034872254263639,0.0010156250136788003,-0.0002636909484863281,1.0,0.0005,1
90,291200,-458.4560260772705,-4.584560198783874,2912,-0.00021116152269920474,2028.3371124267578,2.054769843816757,1014.1478042602539,67.1399988620542,0.0008019501173073594,0.001484375010477379,-0.0002512931823730469,1.0,0.0005,1
91,294400,-486.77891540527344,-4.867789397239685,2944,-0.0004625613375872639,2292.654510498047,2.0666804760694504,1146.3061218261719,72.46379662165418,0.0008894000482093844,0.0006510416787932627,-0.0004725456237792969,1.0,0.0005,1
92,297600,-501.9813132286072,-5.0198132610321045,2976,0.0002727628788004033,2444.744338989258,2.0356272161006927,1222.3521041870117,74.15310165192932,0.0018082240439987684,0.004921875002764864,-0.00066375732421875,1.0,0.0005,1
93,300800,-492.1963138580322,-4.921963024139404,3008,7.324982357204135e-05,2320.675247192383,2.0360808670520782,1160.3173065185547,73.60899598710239,0.0008328448616346392,2.604166729724966e-05,-0.0006415843963623047,1.0,0.0005,1
94,304000,-477.28517150878906,-4.772851934432984,3040,0.0005010401442662182,2214.3162689208984,2.0346403270959854,1107.1383056640625,69.8870487078093,0.0015005636141729776,0.004218750007566996,-0.000491023063659668,1.0,0.0005,1
95,307200,-451.6593208312988,-4.5165933322906495,3072,-0.00033965543469083315,1918.1751022338867,2.0450459420681,959.0667610168457,66.74168474180624,0.0009526884252870768,0.0015885417196841445,-0.0006455183029174805,1.0,0.0005,1
96,310400,-524.1225776672363,-5.241225967407226,3104,-0.00020453600733638666,2640.8868255615234,2.0443769097328186,1320.4227676391602,77.38903030194342,0.0005838716417663753,0.0,-0.0006409883499145508,1.0,0.0005,1
97,313600,-444.83839750289917,-4.448383774757385,3136,-0.0006391054850571898,1957.7971572875977,2.0489367991685867,978.87744140625,64.23359517939389,0.0012211035057141464,0.0005208333350310568,-0.0006273984909057617,1.0,0.0005,1
98,316800,-467.5511956214905,-4.675511751174927,3168,0.00012531370127977226,2141.6857147216797,2.0275786072015762,1070.8227233886719,68.91905398340896,0.0007285625623587829,0.0008333333498740103,-0.00030624866485595703,1.0,0.0005,1
99,320000,-463.24691104888916,-4.632468938827515,3200,0.0004253017370152712,2011.2038650512695,2.0436305850744247,1005.581916809082,67.27353365253657,0.0022717293431931303,0.014635416820965474,-0.0003185272216796875,1.0,0.0005,1
100,323200,-415.59684324264526,-4.155968520641327,3232,-0.000522023274776684,1577.9199676513672,2.039462074637413,788.9390754699707,59.814731903374195,0.002328339468022682,0.011458333283371758,-6.711483001708984e-05,1.0,0.0005,1
101,326400,-475.36721563339233,-4.753672113418579,3264,-0.0005809404921213734,2154.4408416748047,2.0482213348150253,1077.1993255615234,69.78514641523361,0.0005676363421692508,7.812499825377017e-05,-0.0004208087921142578,1.0,0.0005,1
102,329600,-489.8643341064453,-4.898643231391906,3296,-0.0008076373728815867,2310.3602142333984,2.0430966913700104,1155.1588821411133,71.10281428322196,0.0011506356278239748,0.003411458292248426,-0.00044989585876464844,1.0,0.0005,1
103,332800,-477.9854736328125,-4.779854741096496,3328,-0.0003358910436359608,2152.607879638672,2.046285569667816,1076.2831268310547,69.24266051826999,0.0005576866852272977,0.00020833333837799728,-0.00045609474182128906,1.0,0.0005,1
104,336000,-431.52881383895874,-4.315288143157959,3360,-0.00027905840825726,1728.101936340332,2.038562625646591,864.0303077697754,62.23946707742289,0.0008765667993209677,0.00091145831902395,-0.0003032684326171875,1.0,0.0005,1
105,339200,-455.15176820755005,-4.551517820358276,3392,-0.0002890031593536513,2039.9578552246094,2.014138251543045,1019.9585075378418,65.16637306613848,0.0014352826442525662,0.003046875004656613,-0.0006923675537109375,1.0,0.0005,1
106,342400,-456.18268871307373,-4.561826910972595,3424,-0.0002572030596788011,1919.1129455566406,2.0174786895513535,959.5360488891602,66.13455583062023,0.0008251757694786837,0.0025781250442378223,-0.0003635883331298828,1.0,0.0005,1
107,345600,-440.00498723983765,-4.400049796104431,3456,-0.0007516832691408237,1801.938980102539,2.022593304514885,900.9485168457031,63.17162774410099,0.0008173689133180036,0.003984374976425897,-0.0004558563232421875,1.0,0.0005,1
108,348800,-437.15347814559937,-4.371534967422486,3488,-0.0004354441164073908,1729.027000427246,2.0343442410230637,864.4927177429199,63.05473597999662,0.001354749586199277,0.005572916779783554,-0.00018155574798583984,1.0,0.0005,1
109,352000,-452.7338762283325,-4.527338819503784,3520,-4.846772856570425e-05,1867.317123413086,2.0533482879400253,933.6379852294922,65.33584446506575,0.000798127558483274,0.0009635416754463222,-0.00040781497955322266,1.0,0.0005,1
110,355200,-453.18910360336304,-4.531891002655029,3552,-0.000338964432271438,1935.0211486816406,2.0594565123319626,967.4896392822266,65.1180282831192,0.00047199107376697007,0.0,-0.0006679296493530273,1.0,0.0005,1
111,358400,-500.5009160041809,-5.005009145736694,3584,-0.0004722209028962254,2424.2616119384766,2.0641067773103714,1212.1097106933594,72.46311887726188,0.0008417529070364057,0.0005468750023283064,-0.0004025697708129883,1.0,0.0005,1
112,361600,-460.82142400741577,-4.608214116096496,3616,-0.0002543504526402174,1937.0415496826172,2.0660140812397003,968.4998588562012,66.6410698867403,0.0004276925208166636,2.604166729724966e-05,-0.0004640817642211914,1.0,0.0005,1
113,364800,-454.9534821510315,-4.549534840583801,3648,-1.4603281498937193e-05,1961.8407363891602,2.058369964361191,980.8997764587402,65.52511698938906,0.0009139130224873293,0.000598958333284827,-0.00047779083251953125,1.0,0.0005,1
114,368000,-445.2960877418518,-4.4529607963562015,3680,-0.0006518836153817098,1826.4853897094727,2.054251939058304,913.2215003967285,63.600544665940106,0.0007409828621127749,0.0017187499979627319,-0.000202178955078125,1.0,0.0005,1
115,371200,-474.41997814178467,-4.74419988155365,3712,1.1356897636538577e-05,2085.8330154418945,2.0546614825725555,1042.8959693908691,68.26845590630546,0.0010998414270496323,0.001562500048748916,-0.0004360675811767578,1.0,0.0005,1
116,374400,-445.5329546928406,-4.455329623222351,3744,-0.0001264995086209808,1810.1869735717773,2.0526538640260696,905.072826385498,63.70804514037445,0.0012223466533221924,0.007317708252230659,-0.00011670589447021484,1.0,0.0005,1
117,377600,-438.4216728210449,-4.384216582775116,3776,-0.00019434811193907997,1712.265724182129,2.0453806966543198,856.1122131347656,61.56484582927078,0.0010092288216590388,0.0017708332889014855,-0.00021946430206298828,1.0,0.0005,1
118,380800,-477.68553924560547,-4.776855487823486,3808,-0.0006622518636336672,2125.40909576416,2.054101914167404,1062.6833457946777,68.84283371083438,0.0004971809763112785,0.00033854166395030916,-0.00012433528900146484,1.0,0.0005,1
119,384000,-482.08545207977295,-4.82085461139679,3840,-0.0004516907099400558,2197.796401977539,2.059012919664383,1098.8771667480469,69.47717828210443,0.0015435138129767192,0.005598958461632719,-0.0005033016204833984,1.0,0.0005,1
120,387200,-504.0619840621948,-5.040619635581971,3872,-0.001461677205957912,2356.3177947998047,2.0818536430597305,1178.136619567871,72.392468390055,0.0016833468373540568,0.008385416767850984,-0.00030410289764404297,1.0,0.0005,1
121,390400,-475.4856638908386,-4.754856572151184,3904,-0.00026901408233959145,2110.50244140625,2.0807596892118454,1055.230136871338,68.02003175020218,0.0007254787035442227,0.001145833342889091,-0.00012004375457763672,1.0,0.0005,1
122,393600,-488.98176288604736,-4.8898176574707035,3936,-0.00040898103681996645,2190.3533325195312,2.0753042101860046,1095.155517578125,69.99016101984307,0.0010774324866822324,0.0012239583338669036,-9.238719940185547e-05,1.0,0.0005,1
123,396800,-451.7662115097046,-4.517662031650543,3968,-0.00040605455669351365,1885.9114379882812,2.0610405802726746,942.934700012207,64.21183581650257,0.0007034419176087066,2.604166729724966e-05,-0.00037217140197753906,1.0,0.0005,1
124,400000,-462.2873682975769,-4.622873468399048,4000,-0.00024300006990718437,1996.0041580200195,2.075276181101799,997.9810752868652,66.38605478545651,0.000877579603866921,0.0004947916677338071,-0.0004004240036010742,1.0,0.0005,1
125,403200,-467.9003553390503,-4.679003391265869,4032,1.4332880084566568e-05,1934.4580154418945,2.0741639137268066,967.2082748413086,66.72112661786377,0.0007317551791181811,0.0007552083443442825,-0.000232696533203125,1.0,0.0005,1
126,406400,-453.69750356674194,-4.536975064277649,4064,-0.0004953411981016842,1840.06982421875,2.0670198053121567,920.0137481689453,63.58829628583044,0.0004580298347611839,0.0,-0.00011026859283447266,1.0,0.0005,1
127,409600,-429.42920875549316,-4.294291958808899,4096,-0.0008504494298327003,1674.7061080932617,2.0827492773532867,837.3313636779785,59.675982321146876,0.0011342620891816812,0.006171875065774657,-0.00020813941955566406,1.0,0.0005,1
128,412800,-456.1874804496765,-4.561874785423279,4128,-0.0002399927637650734,1881.2218627929688,2.0677416920661926,940.5900115966797,63.45197186013684,0.0006811771305599486,0.0001822916674427688,-0.0002561807632446289,1.0,0.0005,1
129,416000,-444.0002393722534,-4.440002527236938,4160,-0.0001866122565665762,1751.3485946655273,2.083198383450508,875.6532669067383,62.26441721012816,0.0009954968320478872,0.000807291675300803,-0.0003311634063720703,1.0,0.0005,1
130,419200,-480.8098096847534,-4.808098149299622,4192,-0.0005615033201609165,2099.21044921875,2.0784976184368134,1049.583911895752,67.86425519734621,0.0007365549520279626,0.001171875002910383,-0.0002677440643310547,1.0,0.0005,1
131,422400,-439.70107793807983,-4.397010786533356,4224,-0.0007377620338411273,1673.784049987793,2.0557907968759537,836.8707237243652,60.98241197364405,0.0011342376487853828,0.002265625007566996,-0.0002294778823852539,1.0,0.0005,1
132,425600,-463.04067039489746,-4.630406699180603,4256,-8.312257504572429e-05,1901.2777938842773,2.0487087965011597,950.6183242797852,64.95936811110005,0.000740408857951298,0.00010416666555101983,-0.0001195669174194336,1.0,0.0005,1
133,428800,-439.97878551483154,-4.399787609577179,4288,0.0001047414021924098,1663.3785247802734,2.048007056117058,831.6688919067383,60.51387816062197,0.00083581095691517,0.0005468750023283064,-0.00011610984802246094,1.0,0.0005,1
134,432000,-475.8180856704712,-4.7581806659698485,4320,0.00038085804762033604,1964.9643096923828,2.043780654668808,982.462100982666,67.2178893131204,0.0008877311443036687,0.001354166684905067,-0.0001729726791381836,1.0,0.0005,1
135,435200,-423.19063234329224,-4.2319064450263975,4352,0.0004924087875346483,1527.4376678466797,2.0722938030958176,763.698600769043,59.237649167422205,0.001280571898633563,0.0035156250050931703,-0.0002841949462890625,1.0,0.0005,1
136,438400,-464.99665927886963,-4.649966406822204,4384,-3.9297896710088764e-05,1948.0306091308594,2.0730544477701187,973.9945526123047,65.223964527715,0.0011602017202683975,0.0033593749758438207,-0.0001195669174194336,1.0,0.0005,1
137,441600,-428.34799098968506,-4.283479855060578,4416,-0.000594667391521142,1615.1235961914062,2.073846995830536,807.540470123291,59.189206063747406,0.00047999796339654935,0.0,-0.0001709461212158203,1.0,0.0005,1
138,444800,-464.5412096977234,-4.645412139892578,4448,0.00027222272023230687,1910.8700103759766,2.0797710567712784,955.414478302002,64.76792889321223,0.0003925020052982133,0.0,-7.367134094238281e-05,1.0,0.0005,1
139,448000,-457.30735206604004,-4.573073425292969,4480,-0.0007936045634746591,1805.8316650390625,2.0646545737981796,902.8943901062012,64.29976439569145,0.0009217299106019906,0.0023958333622431383,-8.380413055419922e-05,1.0,0.0005,1
140,451200,-451.1041898727417,-4.511042075157166,4512,0.00032631480692857373,1733.0028381347656,2.066202938556671,866.4810752868652,61.9431226584129,0.0013047186198499306,0.005130208381160628,-6.175041198730469e-05,1.0,0.0005,1
141,454400,-437.49226903915405,-4.37492258310318,4544,-0.00018624490004182093,1663.8071594238281,2.0715716630220413,831.8826751708984,60.69144304236397,0.0006636869236451727,0.0007812500116415322,-0.0001735687255859375,1.0,0.0005,1
142,457600,-432.7929139137268,-4.327929272651672,4576,3.7146530869947014e-05,1640.2117156982422,2.0735976845026016,820.085147857666,59.918713884893805,0.0005535366507281516,0.0,-0.0002497434616088867,1.0,0.0005,1
143,460800,-458.4048385620117,-4.5840480995178225,4608,-7.473098915999898e-05,1862.1297607421875,2.075583964586258,931.0440406799316,64.43145034695044,0.0004715244484721426,0.0,-0.00013506412506103516,1.0,0.0005,1
144,464000,-455.4161820411682,-4.554161670207978,4640,-0.00016430130155020706,1732.6754684448242,2.0706949532032013,866.3168678283691,62.64961138134822,0.0008183631766776234,0.0004947916713717859,-0.00016748905181884766,1.0,0.0005,1
145,467200,-447.840443611145,-4.478404533863068,4672,-0.00039553545921089395,1725.5986633300781,2.0689921975135803,862.7782440185547,61.769055432640016,0.0007719722661938696,0.00015625000378349796,-5.2809715270996094e-05,1.0,0.0005,1
146,470400,-454.56989765167236,-4.54569895029068,4704,0.00036123179707381325,1839.183738708496,2.073296770453453,919.5714874267578,62.47691679187119,0.0006348467846926211,5.208333459449932e-05,-0.00019788742065429688,1.0,0.0005,1
147,473600,-462.8205523490906,-4.62820556640625,4736,-0.0003212747988525777,1911.9641876220703,2.088262125849724,955.9608955383301,64.53966418188065,0.00037833350211324796,2.604166729724966e-05,-0.00016355514526367188,1.0,0.0005,1
148,476800,-481.34779500961304,-4.8134776926040646,4768,6.983378443248256e-05,2002.644676208496,2.07243512570858,1001.3016624450684,67.16010504262522,0.0008181911993013019,0.0007552083479822613,-9.28640365600586e-05,1.0,0.0005,1
149,480000,-443.1228013038635,-4.4312278437614445,4800,6.246180179569905e-05,1666.1487426757812,2.079855740070343,833.0536308288574,60.85827277228236,0.0011121138586538868,0.000807291675300803,-0.00016880035400390625,1.0,0.0005,1
150,483200,-454.738317489624,-4.547383120059967,4832,-0.0005976446916823308,1761.3146438598633,2.0844064950942993,880.6358909606934,62.337428998202085,0.0006832288809171255,0.00018229166380479,-9.739398956298828e-05,1.0,0.0005,1
151,486400,-448.2318115234375,-4.48231803894043,4864,-7.2263826525365e-05,1754.1887588500977,2.059973180294037,877.0737228393555,61.59207754395902,0.0009894798779448866,0.0008333333316841163,-8.07046890258789e-05,1.0,0.0005,1
152,489600,-493.4814519882202,-4.9348144578933715,4896,-0.00041328285589464775,2179.8328857421875,2.081390470266342,1089.8952255249023,69.01192280463874,0.0013176738104909973,0.0017187500052386895,-0.00015223026275634766,1.0,0.0005,1
153,492800,-475.9693384170532,-4.759693455696106,4928,0.00039366370810967055,2017.9019775390625,2.0863876789808273,1008.9305114746094,65.79564816365018,0.0012140979663406693,0.0017968750071304385,-0.0001169443130493164,1.0,0.0005,1
154,496000,-452.88960361480713,-4.52889621257782,4960,-0.0006079048644731522,1755.3256072998047,2.0787383168935776,877.6414108276367,61.900079782586545,0.0017484305892601526,0.0073958334542112425,-6.210803985595703e-05,1.0,0.0005,1
155,499200,-447.1713819503784,-4.471713845729828,4992,-0.0001593821061699474,1648.8742065429688,2.0752243250608444,824.416187286377,60.804739417973906,0.0011691254119348764,0.002239583362097619,-4.4465065002441406e-05,1.0,0.0005,1
156,502400,-484.8441119194031,-4.848441014289856,5024,-8.663614070369974e-05,2043.3694381713867,2.0668440610170364,1021.6639518737793,68.21885866252705,0.00041741214818175645,0.0,-0.0001304149627685547,1.0,0.0005,1
157,505600,-509.5325665473938,-5.09532555103302,5056,-0.0010763308972245866,2287.8453369140625,2.0761608332395554,1143.9008255004883,71.07861729571596,0.0008482201232033931,0.0007812499752617441,-0.00011682510375976562,1.0,0.0005,1
158,508800,-442.9715404510498,-4.429715263843536,5088,-0.0003654942914756987,1646.0351791381836,2.0464671850204468,822.9967613220215,59.68468759721145,0.0006753561756348346,0.0,-9.66787338256836e-05,1.0,0.0005,1
159,512000,-459.3078227043152,-4.593078231811523,5120,-0.000445044561180552,1715.8203735351562,2.0467569082975388,857.889274597168,62.36521639302373,0.0008460943918187921,0.00036458334216149524,-8.511543273925781e-05,1.0,0.0005,1
160,515200,-443.95803451538086,-4.439580037593841,5152,-0.0005586029085318245,1708.4588012695312,2.0334532558918,854.2084999084473,60.54868978867307,0.0006902125735458178,0.0017968750398722477,-9.381771087646484e-05,1.0,0.0005,1
161,518400,-440.10751390457153,-4.401075184345245,5184,-0.0009367594472526886,1592.9716339111328,2.039739176630974,796.464485168457,59.38957144226879,0.0012235219240900102,0.00783854160545161,-4.589557647705078e-05,1.0,0.0005,1
162,521600,-443.3734369277954,-4.4337342786788945,5216,-0.0003881260217926119,1671.9178085327148,2.0380461364984512,835.9381294250488,60.59799216268584,0.0009082597478035289,0.0010156249772990122,-5.125999450683594e-05,1.0,0.0005,1
163,524800,-514.8882665634155,-5.148882813453675,5248,-0.00029077120353893093,2254.3672943115234,2.032736763358116,1127.1630401611328,71.83812011405826,0.0006834914497638474,0.0,-5.5909156799316406e-05,1.0,0.0005,1
164,528000,-493.0961241722107,-4.930961046218872,5280,0.00030802222151260494,2151.185615539551,2.04233355820179,1075.5727081298828,69.04626631690189,0.0009088447357051484,0.0008072916789387818,-0.00011801719665527344,1.0,0.0005,1
165,531200,-485.7677879333496,-4.857677707672119,5312,0.0001064299819217851,1990.8105163574219,2.0243489146232605,995.3851203918457,66.20908583980054,0.00042366293132619585,0.0,-0.00014078617095947266,1.0,0.0005,1
166,534400,-424.3976078033447,-4.2439761328697205,5344,-0.00043773062850349653,1475.4921188354492,2.0408197343349457,737.7252044677734,56.83808854641393,0.0009906381618528133,0.0014062500231375452,-6.437301635742188e-05,1.0,0.0005,1
167,537600,-451.69063091278076,-4.516906344890595,5376,0.0004904414945059443,1771.521629333496,2.044095814228058,885.7408752441406,61.13175338553265,0.0006719904100698727,0.0,-9.262561798095703e-05,1.0,0.0005,1
168,540800,-466.6099376678467,-4.666099433898926,5408,-0.0007346437876670775,1827.8660583496094,2.034399852156639,913.9119491577148,64.31286431616172,0.0007775804079991004,0.0,-5.4836273193359375e-05,1.0,0.0005,1
169,544000,-450.44136476516724,-4.504413802623748,5440,-0.0001378999802730263,1695.0324020385742,2.053236871957779,847.495532989502,60.627129764296114,0.001175235624487727,0.0018749999871943146,-0.00017952919006347656,1.0,0.0005,1
170,547200,-445.1743793487549,-4.451743743419647,5472,4.8395753674768116e-05,1669.3921508789062,2.0426830500364304,834.6756973266602,60.08162888325751,0.0004983958326655075,0.0,-3.5643577575683594e-05,1.0,0.0005,1
171,550400,-467.66826343536377,-4.676682462692261,5504,-0.00029267580187219977,1934.1811294555664,2.0372467041015625,967.069896697998,63.73785799369216,0.0005084304037844565,0.00028645833663176745,-8.45193862915039e-05,1.0,0.0005,1
172,553600,-500.36791801452637,-5.003679041862488,5536,-0.0002924375666588652,2165.048370361328,2.048806846141815,1082.5033798217773,70.09408882912248,0.0015202553054230535,0.0060677083529299125,-4.8041343688964844e-05,1.0,0.0005,1
173,556800,-470.44529247283936,-4.704452896118164,5568,-0.00033695731214855584,1810.0526733398438,2.0431389063596725,905.0055541992188,63.97967834910378,0.0007875405857483478,0.0006510416824312415,-9.632110595703125e-05,1.0,0.0005,1
174,560000,-444.2270531654358,-4.442270548343658,5600,-0.0002600154198160176,1576.9332275390625,2.0357619524002075,788.4459991455078,58.919671998824924,0.0007933257097655322,0.0005729166732635349,2.9027462005615234e-05,1.0,0.0005,1
175,563200,-431.2774610519409,-4.3127745294570925,5632,3.0499378427251145e-06,1496.9515380859375,2.057810679078102,748.4551963806152,57.46008432516828,0.0008279528924511785,0.0005729166769015137,-3.5762786865234375e-06,1.0,0.0005,1
176,566400,-438.440486907959,-4.384404954910278,5664,-0.0002708862913882726,1606.0009155273438,2.0575944781303406,802.979621887207,59.47605931153521,0.0008686629518031786,0.0013802083412883803,-8.45193862915039e-05,1.0,0.0005,1
177,569600,-479.2021403312683,-4.792021460533142,5696,-0.0005719766038509988,1899.340316772461,2.046828731894493,949.6491279602051,64.40390821825713,0.001153781600806551,0.0019010416544915643,-0.0001481771469116211,1.0,0.0005,1
178,572800,-453.31962299346924,-4.533196177482605,5728,-0.00026368636347795515,1663.7731246948242,2.0529582798480988,831.8657760620117,60.964481856208295,0.0018925789031535123,0.010156249976716936,4.410743713378906e-06,1.0,0.0005,1
179,576000,-471.9398555755615,-4.719398608207703,5760,-0.0004912387703672749,1813.9197692871094,2.0504912436008453,906.9388847351074,64.56785882404074,0.0011649665366356512,0.004062500011059456,-1.9431114196777344e-05,1.0,0.0005,1
180,579200,-464.9158992767334,-4.649158945083618,5792,0.00027723663646606056,1735.2626419067383,2.0427344143390656,867.6111755371094,62.729604883585125,0.0010058498323822084,0.0006510416642413475,-6.318092346191406e-06,1.0,0.0005,1
181,582400,-416.72045373916626,-4.167204473018646,5824,-0.00030528122232809096,1408.5160903930664,2.0693957060575485,704.2370414733887,55.05932526383549,0.0012600671170737395,0.0017187500598083716,4.172325134277344e-06,1.0,0.0005,1
182,585600,-419.3774266242981,-4.19377424955368,5856,-0.0003276984137663419,1342.2594680786133,2.054998740553856,671.1088523864746,54.70247934386134,0.0007390268556271693,0.0002604166620585602,4.231929779052734e-06,1.0,0.0005,1
183,588800,-438.04443073272705,-4.380444331169128,5888,-0.0005969043033231536,1540.3329391479492,2.0585863292217255,770.1452903747559,58.367139496374875,0.0011353715456159609,0.0014843750323052518,-2.968311309814453e-05,1.0,0.0005,1
184,592000,-489.4750289916992,-4.89475028514862,5920,-0.0004447381714514087,1938.6611938476562,2.0562591552734375,969.3095855712891,65.42222934728488,0.0012293616046015832,0.005260416597593576,6.139278411865234e-06,1.0,0.0005,1
185,595200,-454.56335496902466,-4.545633473396301,5952,2.5390537069291952e-05,1657.3643341064453,2.064997375011444,828.6615524291992,60.54299859935418,0.00032664636643253106,2.604166729724966e-05,-3.159046173095703e-05,1.0,0.0005,1
186,598400,-463.2581396102905,-4.63258129119873,5984,0.0004361087995066182,1776.2971115112305,2.0682051330804825,888.128303527832,62.54654324846342,0.0005853630900681243,0.0,-3.516674041748047e-05,1.0,0.0005,1
187,601600,-482.8010196685791,-4.828010144233704,6016,-0.00040322942841442,1904.412010192871,2.06036713719368,952.185001373291,65.85720937885344,0.0005823095779085999,7.812500189174898e-05,-2.3484230041503906e-05,1.0,0.0005,1
188,604800,-438.3876028060913,-4.383876082897186,6048,-0.0001696714803794963,1462.9176406860352,2.06313818693161,731.4380226135254,57.29071367299184,0.0006371335455249137,0.00023437500567524694,3.403425216674805e-05,1.0,0.0005,1
189,608000,-438.3111186027527,-4.383111128807068,6080,0.00014930451292016755,1498.547592163086,2.077857732772827,749.2531661987305,58.03340857522562,0.0007685238981600968,0.0,2.771615982055664e-05,1.0,0.0005,1
190,611200,-459.27779150009155,-4.592777950763702,6112,-0.0006378449507309369,1718.6060485839844,2.081512466073036,859.2815818786621,60.3528552968055,0.00046654565341055647,0.00010416666918899864,-3.9696693420410156e-05,1.0,0.0005,1
191,614400,-453.28542709350586,-4.53285448551178,6144,-0.0004608276030997893,1628.1537170410156,2.0757206231355667,814.0556335449219,59.475532366894186,0.0008103732170645914,0.00036458332760958,2.568960189819336e-05,1.0,0.0005,1
192,617600,-473.5857877731323,-4.735857772827148,6176,-0.00039057759547378446,1787.1588973999023,2.0471416860818863,893.5585784912109,63.03305043885484,0.0007241998059732811,0.0003125000075669959,1.3113021850585938e-05,1.0,0.0005,1
193,620800,-450.2379846572876,-4.502379908561706,6208,0.0001109965487557929,1638.541030883789,2.0730183720588684,819.2498893737793,59.88124440424144,0.00042343105400353,0.0,-4.756450653076172e-05,1.0,0.0005,1
194,624000,-461.2454662322998,-4.612454657554626,6240,-0.0006316217612383213,1671.7321319580078,2.0717788636684418,835.8447151184082,60.784454023465514,0.0010327397075123935,0.0006770833424525335,4.404783248901367e-05,1.0,0.0005,1
195,627200,-417.6979012489319,-4.176979053020477,6272,-0.0006518485476609825,1343.569923400879,2.079830676317215,671.7635078430176,53.984269759152085,0.0009675965196727242,0.0017447916870878544,1.4901161193847656e-05,1.0,0.0005,1
196,630400,-512.0799632072449,-5.120799474716186,6304,-0.001429167397169917,2118.2677307128906,2.0672724545001984,1059.1117935180664,68.56623110175133,0.0012573564903284552,0.005208333168411627,4.231929779052734e-06,1.0,0.0005,1
197,633600,-439.16784286499023,-4.391678469181061,6336,-0.00047432455625351366,1532.947769165039,2.07434743642807,766.4526634216309,57.05575097724795,0.0010382827949804016,0.0009375000008731149,-1.0848045349121094e-05,1.0,0.0005,1
198,636800,-514.5462141036987,-5.145462369918823,6368,-3.317197752039647e-05,2116.5541458129883,2.0759639739990234,1058.256290435791,69.8629064350389,0.000838467065364789,0.0011718749883584678,2.9802322387695312e-06,1.0,0.0005,1
199,640000,-495.2853412628174,-4.952853436470032,6400,-0.00036554623012019505,2005.360221862793,2.0796448439359665,1002.6589508056641,66.9031557654962,0.0011680085590349523,0.002734375073487172,1.8835067749023438e-05,1.0,0.0005,1
200,643200,-436.6643524169922,-4.3666434526443485,6432,-0.0013754839128554686,1511.0502853393555,2.074934706091881,755.5030136108398,57.038230028469115,0.0019193083544457581,0.009296874981373549,4.273653030395508e-05,1.0,0.0005,1
201,646400,-448.06754636764526,-4.480675735473633,6464,-0.0008134315466030717,1645.51806640625,2.0756199210882187,822.7374610900879,58.83228946663439,0.001485987381784771,0.011015625015716068,5.245208740234375e-06,1.0,0.0005,1
202,649600,-462.0724320411682,-4.620724449157715,6496,-5.847418890736478e-05,1628.0004272460938,2.071798160672188,813.9794425964355,60.998297249898314,0.0009356385139661138,0.0007552083225164097,4.976987838745117e-05,1.0,0.0005,1
203,652800,-475.9793586730957,-4.7597935962677,6528,-0.0010492075448897964,1771.9619750976562,2.0857041478157043,885.9590797424316,62.34474593773484,0.0009359915950433535,0.001484375010477379,2.6226043701171875e-05,1.0,0.0005,1
204,656000,-480.3712797164917,-4.803712930679321,6560,-0.0003309342881783195,1799.8448944091797,2.0616797357797623,899.901496887207,63.146683076862246,0.0010478766048443407,0.0005989583260088693,2.0265579223632812e-06,1.0,0.0005,1
205,659200,-456.8916368484497,-4.568916573524475,6592,-0.0002360885798529111,1606.170036315918,2.0791080743074417,803.0639877319336,59.13760358328,0.0009586548783325195,0.0038281251436274033,5.066394805908203e-06,1.0,0.0005,1
206,662400,-460.072247505188,-4.600722594261169,6624,-0.0008444255209959506,1624.4648361206055,2.071367621421814,812.2108726501465,59.33281142171472,0.0013645521521546303,0.004765624995343387,3.832578659057617e-05,1.0,0.0005,1
207,665600,-461.3976182937622,-4.613976073265076,6656,-0.0003366341022923436,1611.9713668823242,2.0804200619459152,805.9645385742188,67.12221203930676,0.00047137834315053636,0.0,3.635883331298828e-05,1.0,0.0005,1
208,668800,-413.19234228134155,-4.13192325592041,6688,-6.429701292898216e-05,1274.4632568359375,2.088887557387352,637.2106781005859,52.6684136223048,0.0004038490167779357,0.0,9.119510650634766e-06,1.0,0.0005,1
209,672000,-431.3481059074402,-4.313481056690216,6720,-0.0003798636543433931,1395.0548629760742,2.0859106928110123,697.5062026977539,55.50950398854911,0.000746678262885967,0.00036458333852351643,4.738569259643555e-05,1.0,0.0005,1
210,675200,-447.27415323257446,-4.472741746902466,6752,-0.0005725783723694589,1479.2996139526367,2.0820331424474716,739.62841796875,56.684236257802695,0.0007671376882861039,0.0012500000157160684,1.043081283569336e-05,1.0,0.0005,1
211,678400,-411.7389998435974,-4.117390048503876,6784,5.781672930416093e-05,1259.6418075561523,2.088852107524872,629.8000793457031,52.20343602215871,0.0006913426643684855,0.0003125000039290171,7.37309455871582e-05,1.0,0.0005,1
212,681600,-417.3107933998108,-4.1731080508232115,6816,0.00026178554369871154,1272.2566299438477,2.1003729701042175,636.1075782775879,56.13142580166459,0.0006403417158942187,5.208333459449932e-05,6.383657455444336e-05,1.0,0.0005,1
213,684800,-468.38268280029297,-4.683826990127564,6848,-0.0004570314966576561,1698.8146743774414,2.087454855442047,849.3860092163086,61.21228785533458,0.0007805529500053158,0.0,3.904104232788086e-05,1.0,0.0005,1
214,688000,-411.892213344574,-4.118922176361084,6880,-6.52243143393072e-05,1335.0891342163086,2.0953772366046906,667.523551940918,51.919063811190426,0.000559771128110487,2.604166729724966e-05,-5.4836273193359375e-06,1.0,0.0005,1
215,691200,-421.55968141555786,-4.215596764087677,6912,-0.0005604586966243552,1276.4699325561523,2.0996832847595215,638.2134094238281,52.92481282912195,0.0009411914680874399,0.0011458333356131334,4.64320182800293e-05,1.0,0.0005,1
216,694400,-434.8478879928589,-4.348478736877442,6944,-0.000358348430224531,1407.7699737548828,2.086523860692978,703.8637657165527,55.57880129246041,0.0005272877687054868,0.0,2.4259090423583984e-05,1.0,0.0005,1
217,697600,-471.68623781204224,-4.716862635612488,6976,-7.36234689435733e-05,1754.110237121582,2.0831064134836197,877.0342178344727,61.96078138425946,0.000993369942990042,0.0041927083730115555,5.960464477539062e-07,1.0,0.0005,1
218,700800,-421.2468342781067,-4.212468335628509,7008,-0.0006758938654547464,1275.0635299682617,2.10585156083107,637.5100250244141,53.64927597390488,0.0011072343158964205,0.0011718750138243195,6.556510925292969e-05,1.0,0.0005,1
219,704000,-427.2570824623108,-4.272570860385895,7040,-0.00012848796264430806,1332.8843688964844,2.082547217607498,666.4212265014648,53.52862370852381,0.0011186445776736362,0.0003124999930150807,1.0907649993896484e-05,1.0,0.0005,1
220,707200,-446.44491624832153,-4.464449062347412,7072,9.691647029352879e-07,1456.4967346191406,2.09039244055748,728.2274513244629,55.987864069640636,0.0007379820162903043,5.208333459449932e-05,2.4497509002685547e-05,1.0,0.0005,1
221,710400,-459.31173944473267,-4.593117589950562,7104,-0.00016955193244030942,1641.564598083496,2.088945299386978,820.7612495422363,58.20394652476534,0.0008008656282079523,0.0007812500080035534,-2.0623207092285156e-05,1.0,0.0005,1
222,713600,-480.2708315849304,-4.802708425521851,7136,-0.0005620848992460292,1783.737190246582,2.0790272802114487,891.8472366333008,61.761733836494386,0.0008947956541767841,0.0013541666594392154,2.1338462829589844e-05,1.0,0.0005,1
223,716800,-468.8611001968384,-4.6886110544204715,7168,-0.0007592097483635207,1635.898910522461,2.082999601960182,817.9278755187988,61.18060932261869,0.0009427375774755594,0.0012239583302289248,5.7637691497802734e-05,1.0,0.0005,1
224,720000,-447.1382074356079,-4.47138213634491,7200,-0.000220957745292516,1435.8833694458008,2.0807936936616898,717.9206581115723,55.886404637712985,0.0004876841350103454,0.0,3.236532211303711e-05,1.0,0.0005,1
225,723200,-469.96834659576416,-4.699683585166931,7232,-0.0006906422156582881,1719.8778915405273,2.101540446281433,859.9172477722168,60.84380041062832,0.0008924210166021079,0.0009114583735936321,2.5570392608642578e-05,1.0,0.0005,1
226,726400,-426.73920917510986,-4.267392082214355,7264,-0.00030975507143926606,1351.7225646972656,2.0833712369203568,675.8401336669922,52.89760621730238,0.0009513468623943168,0.0012239583556947764,2.5212764739990234e-05,1.0,0.0005,1
227,729600,-436.0813183784485,-4.3608130979537965,7296,-0.00020466715480926823,1420.8825988769531,2.075602874159813,710.4203300476074,54.26992359571159,0.0005691768838012307,5.208333459449932e-05,3.0219554901123047e-05,1.0,0.0005,1
228,732800,-467.441689491272,-4.674417028427124,7328,-0.00022833729846749584,1602.5303115844727,2.1004615426063538,801.2439193725586,60.399830747861415,0.00044917571676775995,0.0001822916674427688,6.490945816040039e-05,1.0,0.0005,1
229,736000,-432.64141178131104,-4.326414065361023,7360,-0.0008170546587400462,1405.3716659545898,2.091867223381996,702.6641006469727,53.25036203674972,0.0009939318573522397,0.006536458407936152,1.806020736694336e-05,1.0,0.0005,1
230,739200,-442.1502904891968,-4.421502840518952,7392,5.8091817674417456e-05,1452.4176330566406,2.1013273298740387,726.187858581543,56.97132547060028,0.00031845845308069257,0.0,6.431341171264648e-05,1.0,0.0005,1
231,742400,-441.44867420196533,-4.414486927986145,7424,0.00024500077338718285,1407.598388671875,2.0991114675998688,703.7784423828125,55.006833754479885,0.0007419699123836999,0.00010416666918899864,8.058547973632812e-05,1.0,0.0005,1
232,745600,-459.7585949897766,-4.597586078643799,7456,-0.0009787819930595631,1540.0844802856445,2.0975406616926193,770.0202789306641,58.13762245466933,0.0003818041083725341,2.604166729724966e-05,5.608797073364258e-05,1.0,0.0005,1
233,748800,-468.8332233428955,-4.688332276344299,7488,-4.963529750967588e-05,1596.4387588500977,2.0953277349472046,798.1983871459961,59.81893998244777,0.0010044237583322494,0.0005729166732635349,5.2928924560546875e-05,1.0,0.0005,1
234,752000,-405.0558280944824,-4.050558311939239,7520,-0.0003603952374822139,1089.232894897461,2.0986949801445007,544.5950889587402,49.44732387783006,0.0006372321992109999,0.0002604166729724966,0.00010478496551513672,1.0,0.0005,1
235,755200,-455.10567474365234,-4.551056969165802,7552,-6.488538912874375e-05,1513.5003204345703,2.1004616916179657,756.7290840148926,56.646514900028706,0.0005097939591685415,0.0,3.629922866821289e-05,1.0,0.0005,1
236,758400,-436.02190113067627,-4.360219178199768,7584,-0.0001793859898397976,1304.5268020629883,2.0933989733457565,652.2422752380371,54.16447328031063,0.0003200138578457003,0.0,9.518861770629883e-05,1.0,0.0005,1
237,761600,-468.87707805633545,-4.688770732879639,7616,-0.0004014290484248839,1600.936508178711,2.0917357951402664,800.4469337463379,59.57442238833755,0.0006864160633319621,0.00015624999650754035,5.120038986206055e-05,1.0,0.0005,1
238,764800,-466.0814542770386,-4.660814471244812,7648,-0.0003767406880009136,1650.29345703125,2.1078086495399475,825.1252670288086,60.36948996782303,0.0008735753866637355,0.0012500000339059625,5.239248275756836e-05,1.0,0.0005,1
239,768000,-454.42036056518555,-4.544203538894653,7680,-0.00016722582120376472,1536.8268508911133,2.1013240069150925,768.3922386169434,56.951174684334546,0.0009705270583715371,0.000885416659002658,2.7298927307128906e-05,1.0,0.0005,1
240,771200,-458.26776790618896,-4.582677829265594,7712,-0.00033412351951200847,1471.2900085449219,2.0821391195058823,735.6238327026367,56.5822115149349,0.0006617595412315406,0.0,6.699562072753906e-05,1.0,0.0005,1
241,774400,-447.64466381073,-4.476446676254272,7744,-0.0007580013662071838,1483.0140991210938,2.0944370478391647,741.4853553771973,56.2748235068284,0.0012019742002855871,0.006119791705714306,7.18832015991211e-05,1.0,0.0005,1
242,777600,-472.17462253570557,-4.7217461156845095,7776,-0.00011175724145395804,1683.363883972168,2.1010732203722,841.6608238220215,59.69775097677484,0.0005757417090997018,0.00018229167108074762,9.357929229736328e-06,1.0,0.0005,1
243,780800,-446.0844602584839,-4.460844452381134,7808,-0.0001084249504492707,1375.8359756469727,2.09847728908062,687.8968963623047,55.29316738061607,0.0007167283930591783,0.00041666666948003694,8.726119995117188e-05,1.0,0.0005,1
244,784000,-477.9081048965454,-4.7790808725357055,7840,-0.0008063651079419643,1724.771095275879,2.104619652032852,862.3636894226074,61.38256664434448,0.0006637872648987027,0.0008593750208092388,5.239248275756836e-05,1.0,0.0005,1
245,787200,-413.81298542022705,-4.138129873275757,7872,-1.894896715937122e-05,1162.9058151245117,2.1028008460998535,581.4318580627441,49.67431725375354,0.0009473083559903602,0.0014062500304135028,7.700920104980469e-05,1.0,0.0005,1
246,790400,-412.0911388397217,-4.120911464691162,7904,-2.4664728968559757e-05,1217.3465270996094,2.1096775829792023,608.6521606445312,50.08700653584674,0.0003437232696235036,0.0,7.706880569458008e-05,1.0,0.0005,1
247,793600,-447.46108388900757,-4.474610929489136,7936,-0.0008525030481504325,1423.4905014038086,2.089100018143654,711.7235069274902,54.526457477826625,0.0009566521073345535,0.000963541660894407,4.100799560546875e-05,1.0,0.0005,1
248,796800,-398.824501991272,-3.988244915008545,7968,-0.0004790765913533779,1077.652458190918,2.105299726128578,538.8046970367432,47.648615499958396,0.0006510951253637517,2.604166729724966e-05,8.857250213623047e-05,1.0,0.0005,1
249,800000,-435.2701497077942,-4.352701444625854,8000,-0.0003500215284502062,1348.0292739868164,2.096869647502899,673.9933204650879,53.69788753148168,0.0007988048483873737,0.0007291666588571388,7.736682891845703e-05,1.0,0.0005,1
250,803200,-462.3477392196655,-4.623477358818054,8032,-0.00036338312107087045,1528.317771911621,2.0966714173555374,764.1375465393066,57.926908838097006,0.00040573144633594053,0.0,6.318092346191406e-05,1.0,0.0005,1
251,806400,-459.35776805877686,-4.593578000068664,8064,-0.0002484026826535257,1528.2926025390625,2.1071970462799072,764.1249809265137,57.50974379340187,0.00032391249436676707,0.0,5.936622619628906e-05,1.0,0.0005,1
252,809600,-464.40067052841187,-4.644006624221801,8096,-0.00027925989939525664,1515.2019424438477,2.083924427628517,757.5798530578613,57.48347406461835,0.0007097044991731065,0.00028645832935580984,4.0650367736816406e-05,1.0,0.0005,1
253,812800,-424.2911319732666,-4.242911374568939,8128,-2.648038115016238e-05,1223.1344451904297,2.0988809466362,611.5462074279785,52.62479329155758,0.0006253296497795922,0.0,0.00011229515075683594,1.0,0.0005,1
254,816000,-466.1344094276428,-4.661344151496888,8160,-0.000908560132255154,1643.1717910766602,2.0961156487464905,821.5640258789062,58.46644657570869,0.0009329358084649083,0.0001822916674427688,2.872943878173828e-05,1.0,0.0005,1
255,819200,-456.10676765441895,-4.561067662239075,8192,-0.0002952144468660878,1464.8695907592773,2.0702782422304153,732.4137878417969,56.28135337680578,0.0010578298881689964,0.0,7.110834121704102e-05,1.0,0.0005,1
256,822400,-470.0506625175476,-4.700506610870361,8224,-0.001227775421375643,1550.3080673217773,2.0513009428977966,775.1322860717773,57.77082146378234,0.0014255729238364725,0.0029427083281916566,8.064508438110352e-05,1.0,0.0005,1
257,825600,-432.41644287109375,-4.324164485931396,8256,0.00028634567737118033,1235.1545715332031,2.060881480574608,617.5569534301758,52.80598779860884,0.0006940771421575844,0.0,0.00010633468627929688,1.0,0.0005,1
258,828800,-461.67436838150024,-4.616743812561035,8288,-0.0001380469615028801,1509.8852157592773,2.0628338307142258,754.9218292236328,56.71384909003973,0.0003257269643207215,0.0,4.9233436584472656e-05,1.0,0.0005,1
259,832000,-440.427143573761,-4.404271318912506,8320,-0.0003379148079210026,1393.695686340332,2.064764231443405,696.8268623352051,53.35019940789789,0.0007020849056978578,0.00018229167108074762,4.76837158203125e-05,1.0,0.0005,1
260,835200,-425.1827116012573,-4.251827085018158,8352,-0.00040498680378731056,1189.9093780517578,2.0535641610622406,594.9337501525879,51.112088098190725,0.0010541130018289517,0.001302083328482695,0.00010603666305541992,1.0,0.0005,1
261,838400,-461.6205620765686,-4.61620596408844,8384,-4.9854494720835696e-05,1487.021224975586,2.073627471923828,743.4898223876953,57.40387549297884,0.0006311901483975648,0.0,9.924173355102539e-05,1.0,0.0005,1
262,841600,-452.7366609573364,-4.527366485595703,8416,-0.00018984421375312088,1462.7833251953125,2.0654429495334625,731.3708152770996,54.67319693788886,0.0004674262273177145,0.0,4.583597183227539e-05,1.0,0.0005,1
263,844800,-430.4964656829834,-4.304964656829834,8448,-0.0009512462994250015,1237.8506088256836,2.0575986802577972,618.9037818908691,51.28433994110674,0.0010689913241329623,0.0016145833251357544,8.893013000488281e-05,1.0,0.0005,1
264,848000,-460.2776370048523,-4.602776417732239,8480,-0.0006378589813798019,1508.6297302246094,2.072735369205475,754.2935028076172,57.08753893664107,0.0011601223441182827,0.0023697916585661005,7.325410842895508e-05,1.0,0.0005,1
265,851200,-449.7288784980774,-4.497288465499878,8512,-0.00023732656886754633,1459.2087020874023,2.0737487822771072,729.5833740234375,54.98011940345168,0.0009424778575073587,0.0006249999969440978,7.855892181396484e-05,1.0,0.0005,1
266,854400,-455.71388959884644,-4.5571385812759395,8544,-0.0005939339753071593,1452.8468017578125,2.0664266496896744,726.4021415710449,56.138363379985094,0.0005756754804345425,0.0,7.551908493041992e-05,1.0,0.0005,1
267,857600,-432.0352635383606,-4.320352592468262,8576,3.6499086788044366e-05,1290.1537017822266,2.0807413160800934,645.0560760498047,51.99225085740909,0.0008146224633953768,0.00015625000014551915,7.385015487670898e-05,1.0,0.0005,1
268,860800,-413.7348794937134,-4.137348804473877,8608,-0.0005654469964002651,1103.7210235595703,2.0791141390800476,551.8391571044922,49.15640280675143,0.0005795225051777642,0.0,0.00012856721878051758,1.0,0.0005,1
269,864000,-448.3050169944763,-4.483050208091736,8640,-0.00031529697082077757,1391.1600799560547,2.0807167440652847,695.5589179992676,55.13361154310405,0.0006555601205498768,0.0004947916750097647,8.52346420288086e-05,1.0,0.0005,1
270,867200,-446.09355783462524,-4.460935750007629,8672,-0.00044614814511390044,1447.5993347167969,2.0784607380628586,723.7784309387207,54.29161140974611,0.0005350727246316389,0.0,5.7816505432128906e-05,1.0,0.0005,1
271,870400,-419.98241806030273,-4.199824004173279,8704,2.776942751570033e-05,1221.6537704467773,2.0714335590600967,610.8062057495117,49.04386221477762,0.0005773037314618869,0.0,7.039308547973633e-05,1.0,0.0005,1
272,873600,-467.44870376586914,-4.67448691368103,8736,3.013809330387751e-05,1532.4676513671875,2.0926218926906586,766.2129287719727,58.183588969986886,0.0005786079611887335,0.0,8.499622344970703e-05,1.0,0.0005,1
273,876800,-424.4068536758423,-4.244068620204925,8768,-0.0007757574246777255,1180.9842834472656,2.0656788498163223,590.4707107543945,50.426937595009804,0.0003886309910974807,0.0,8.291006088256836e-05,1.0,0.0005,1
274,880000,-488.33295249938965,-4.88332986831665,8800,0.0005694897616317363,1671.4699020385742,2.078055217862129,835.7147445678711,61.09414444398135,0.0006881860791743571,0.0,7.152557373046875e-05,1.0,0.0005,1
275,883200,-403.21909284591675,-4.032190790176392,8832,-0.0010328204144629538,1030.4445419311523,2.0721917897462845,515.2005271911621,45.32653105072677,0.0006539246005565734,0.0001302083401242271,9.41157341003418e-05,1.0,0.0005,1
276,886400,-386.2359266281128,-3.8623592352867124,8864,-0.0005879951943885686,867.5748176574707,2.083018347620964,433.7659854888916,44.29702902492136,0.0016725515488367482,0.006406250013242243,0.00019186735153198242,1.0,0.0005,1
277,889600,-437.24621391296387,-4.372462153434753,8896,-0.0002443425337725902,1309.3753280639648,2.068363308906555,654.6667442321777,52.60233363928273,0.00041759449442294,5.208333459449932e-05,9.006261825561523e-05,1.0,0.0005,1
278,892800,-427.0873622894287,-4.270873529911041,8928,-0.0006783111032260258,1234.5996551513672,2.0842227190732956,617.2783126831055,51.21599743887782,0.0008749554149297145,0.00018229167108074762,8.469820022583008e-05,1.0,0.0005,1
279,896000,-437.0545029640198,-4.370545077323913,8960,-0.00023712897715078007,1338.6062393188477,2.089633032679558,669.281982421875,51.5727559896186,0.001536872423231066,0.0039322916709352285,6.0498714447021484e-05,1.0,0.0005,1
280,899200,-441.28300952911377,-4.412830023765564,8992,-0.0009526363633934332,1341.4269256591797,2.085421994328499,670.691650390625,52.78437770623714,0.0010142867506608994,0.0016927083779592067,6.914138793945312e-05,1.0,0.0005,1
281,902400,-434.03714179992676,-4.340371267795563,9024,-0.00047848452606569225,1238.2437438964844,2.0619660913944244,619.100772857666,51.54924442619085,0.0028180535532563345,0.011927083309274167,9.560585021972656e-05,1.0,0.0005,1
282,905600,-414.8239769935608,-4.148239731788635,9056,0.00041383517905768663,1050.96626663208,2.06655852496624,525.4628810882568,49.64900159370154,0.0009660084306241021,0.0005208333350310568,0.00011807680130004883,1.0,0.0005,1
283,908800,-441.51089668273926,-4.415108990669251,9088,-0.0005121881950849172,1299.5038757324219,2.066680461168289,649.7307586669922,52.6592082423158,0.0004622009469706334,0.0,6.133317947387695e-05,1.0,0.0005,1
284,912000,-433.69213008880615,-4.336921584606171,9120,-0.0003431809662000074,1275.034812927246,2.0617471039295197,637.4964408874512,51.17693666368723,0.0006418426445414042,0.0,5.4717063903808594e-05,1.0,0.0005,1
285,915200,-440.473925113678,-4.404739284515381,9152,-0.0007163566217514017,1260.353515625,2.0726702362298965,630.1553039550781,51.661030176561326,0.0007425081345225524,0.0,7.152557373046875e-05,1.0,0.0005,1
286,918400,-483.9215440750122,-4.839215121269226,9184,-0.00010398181156823227,1624.2392272949219,2.082826465368271,812.0986824035645,58.7687533153221,0.0006927211164800926,5.208333459449932e-05,5.8650970458984375e-05,1.0,0.0005,1
287,921600,-460.5689105987549,-4.605689153671265,9216,-0.0001861624339773993,1492.3622741699219,2.0761915296316147,746.1601791381836,55.3921960494481,0.0016063449329529575,0.005390625032305252,5.27501106262207e-05,1.0,0.0005,1
288,924800,-463.34306812286377,-4.633430857658386,9248,-8.48950417973171e-05,1492.6074447631836,2.075897753238678,746.2828674316406,61.80713795218617,0.0010998375908009453,0.0027083333843620494,3.725290298461914e-05,1.0,0.0005,1
289,928000,-410.7425146102905,-4.1074249768257145,9280,-0.000822615217432876,1143.7371063232422,2.0840511471033096,571.8468894958496,47.10217649163678,0.000702899575799894,2.604166729724966e-05,5.245208740234375e-05,1.0,0.0005,1
290,931200,-418.3306493759155,-4.183306369781494,9312,0.00031910375128507695,1071.8649711608887,2.067862316966057,535.9121227264404,48.536287613678724,0.0009674964828726023,0.00020833333474001847,0.00010854005813598633,1.0,0.0005,1
291,934400,-440.5392508506775,-4.405392475128174,9344,-0.0002218810235050661,1283.7256546020508,2.078384295105934,641.8418235778809,52.24893567338586,0.0008292366999292286,0.0003385416785022244,6.99162483215332e-05,1.0,0.0005,1
292,937600,-478.4393882751465,-4.784393796920776,9376,0.0003182753192714216,1509.7055969238281,2.065687373280525,754.832447052002,57.84519493812695,0.0006274762346273432,0.00028645833663176745,8.684396743774414e-05,1.0,0.0005,1
293,940800,-446.43014907836914,-4.464301538467407,9408,-0.00012654210899842866,1255.1276473999023,2.0736279487609863,627.5429611206055,52.78365969052538,0.0005748499715998854,0.0,8.255243301391602e-05,1.0,0.0005,1
294,944000,-478.2676568031311,-4.782676572799683,9440,0.00030311172113517415,1573.8636779785156,2.074086308479309,786.9113998413086,57.430382368620485,0.0006713926666187696,0.0002604166802484542,5.179643630981445e-05,1.0,0.0005,1
295,947200,-457.42128801345825,-4.574212985038757,9472,-0.0006656395934958592,1447.5549240112305,2.062758192420006,723.7561645507812,54.14580806624144,0.001364354753605595,0.0012760416720993817,4.792213439941406e-05,1.0,0.0005,1
296,950400,-440.12211990356445,-4.401221256256104,9504,-0.0002853594071545243,1178.680030822754,2.0563337057828903,589.3191566467285,51.16244298173115,0.0009643133489597422,0.000937500019063009,0.00011557340621948242,1.0,0.0005,1
297,953600,-405.7873821258545,-4.057873842716217,9536,-0.0008290059367512537,980.0797882080078,2.0608567893505096,490.01845932006836,45.45680667134002,0.0012847853890897078,0.0023177082985057496,0.000102996826171875,1.0,0.0005,1
298,956800,-484.66076374053955,-4.846607599258423,9568,-0.00033050711391791054,1597.5242462158203,2.0550637990236282,798.7412376403809,58.410535579081625,0.0006431902560287421,0.000885416677192552,5.459785461425781e-05,1.0,0.0005,1
299,960000,-470.9542932510376,-4.70954282283783,9600,0.00031931635354931487,1496.698715209961,2.063523754477501,748.3290328979492,56.7057627318427,0.0012430129554566868,0.0020052083091286477,7.045269012451172e-05,1.0,0.0005,1
300,963200,-440.38787937164307,-4.403878631591797,9632,-0.00039566960615350366,1185.4848709106445,2.062079831957817,592.7214126586914,50.3617390897125,0.0007263204316822347,0.00036458333852351643,8.487701416015625e-05,1.0,0.0005,1
301,966400,-462.1131830215454,-4.621131749153137,9664,0.00019856903076309607,1349.7304382324219,2.0556478649377823,674.8448524475098,54.19086276181042,0.00045418782906458325,0.0,8.344650268554688e-05,1.0,0.0005,1
302,969600,-455.8347806930542,-4.558348002433777,9696,-0.0015154658839613422,1351.667594909668,2.0565178096294403,675.8117218017578,53.51991664245725,0.0015150414287753028,0.003619791674282169,7.027387619018555e-05,1.0,0.0005,1
303,972800,-418.9234199523926,-4.1892342853546145,9728,0.0001931365989880085,1082.4874114990234,2.0503063052892685,541.2233924865723,46.947000726591796,0.0003904657627920614,0.0,7.939338684082031e-05,1.0,0.0005,1
304,976000,-457.77679777145386,-4.57776801109314,9760,-0.0005204859292462505,1413.528694152832,2.064386233687401,706.7431793212891,54.24231349024922,0.0007529884720732514,0.001822916659875773,6.717443466186523e-05,1.0,0.0005,1
305,979200,-418.3624892234802,-4.1836246132850645,9792,-0.00042744016336038193,1121.0481872558594,2.0710184574127197,560.5029602050781,47.23443339485675,0.0009978103347528242,0.0009114583081100136,6.842613220214844e-05,1.0,0.0005,1
306,982400,-410.2342953681946,-4.102343053817749,9824,-0.00047646506371168407,979.2479629516602,2.075579509139061,489.6027488708496,46.0615270184353,0.0005849149404191991,2.604166729724966e-05,0.00012642145156860352,1.0,0.0005,1
307,985600,-421.65226554870605,-4.216522545814514,9856,-0.0008334298866126133,1026.9045677185059,2.0706330686807632,513.4307479858398,46.428016528021544,0.0007204944131451929,0.0,0.00010824203491210938,1.0,0.0005,1
308,988800,-450.1451587677002,-4.501451549530029,9888,-0.0008048100350910303,1254.5459365844727,2.0612509548664093,627.2515449523926,51.67981263855472,0.0011796281371523982,0.0006249999969440978,8.90493392944336e-05,1.0,0.0005,1
309,992000,-470.9090385437012,-4.70909029006958,9920,-0.0005217652633535685,1403.4069595336914,2.061555191874504,701.6823539733887,54.81078402930871,0.0008682019803252805,0.00023437500931322575,6.920099258422852e-05,1.0,0.0005,1
310,995200,-416.313702583313,-4.163136930465698,9952,-0.00015267609026525797,994.1607780456543,2.0623061805963516,497.05961418151855,46.717204657848924,0.000707806565515807,0.0006770833279006183,0.00012022256851196289,1.0,0.0005,1
311,998400,-467.3704981803894,-4.673705015182495,9984,-0.00034950981665132774,1425.4858932495117,2.045446500182152,712.7221412658691,54.38419884303585,0.0009823796956432605,0.002135416667442769,7.015466690063477e-05,1.0,0.0005,1
312,1001600,-415.1703381538391,-4.151703360080719,10016,-3.221431725858315e-05,995.2153625488281,2.060798093676567,497.58703994750977,46.00909148575738,0.0010282604815764155,0.0019531249963620212,0.0001074671745300293,1.0,0.0005,1
313,1004800,-419.2045464515686,-4.192045509815216,10048,-0.0001480889579988931,1061.3804359436035,2.0636937618255615,530.6694278717041,47.39172439277172,0.00040595399201566516,0.0,9.28640365600586e-05,1.0,0.0005,1
314,1008000,-405.7892198562622,-4.057892141342163,10080,0.0008311870065457194,920.1694450378418,2.064633384346962,460.0649070739746,44.036839744541794,0.0009227686659876481,0.0004427083404152654,0.00011652708053588867,1.0,0.0005,1
315,1011200,-424.01034593582153,-4.240103299617767,10112,-0.0004709878814566082,1104.6907424926758,2.0575666278600693,552.3243103027344,54.12130612693727,0.0009872463133441087,0.0013020833357586525,0.0001035928726196289,1.0,0.0005,1
316,1014400,-429.7590522766113,-4.2975905632972715,10144,-0.0006805915126608664,1122.9536209106445,2.0613740980625153,561.4555206298828,60.414147208444774,0.0012905612159109987,0.0020052083091286477,9.40561294555664e-05,1.0,0.0005,1
317,1017600,-412.3632860183716,-4.12363285779953,10176,-0.0003538499267354833,986.058277130127,2.056979537010193,493.0082130432129,45.53957639681175,0.0005506695218862991,0.0,0.00012493133544921875,1.0,0.0005,1
318,1020800,-426.8745379447937,-4.26874536037445,10208,-5.228672909218801e-05,1093.9135971069336,2.066328465938568,546.9360771179199,49.0504819820635,0.0006313707799570991,0.00028645832935580984,0.00011014938354492188,1.0,0.0005,1
319,1024000,-427.8704090118408,-4.278704061508178,10240,1.0083956679896033e-05,1071.8273010253906,2.070963576436043,535.8929634094238,47.90489834127948,0.0009016471719868256,0.0005468750277941581,0.0001017451286315918,1.0,0.0005,1
320,1027200,-449.3277621269226,-4.4932775092124935,10272,-0.0008922926428598099,1327.6686706542969,2.038571372628212,663.8130645751953,51.17554613482207,0.0007970332607109116,0.0001302083401242271,5.799531936645508e-05,1.0,0.0005,1
321,1030400,-414.0646548271179,-4.140646762847901,10304,-0.00035569899880605327,949.8171730041504,2.0539116710424423,474.8876953125,46.05102067487314,0.0009343490129375253,0.00044270831858739257,0.00016117095947265625,1.0,0.0005,1
322,1033600,-443.03995084762573,-4.430399539470673,10336,-0.0006102615686328638,1277.0673446655273,2.0488142669200897,638.5125770568848,50.469759112689644,0.0019611434736369507,0.008229166603996418,5.996227264404297e-05,1.0,0.0005,1
323,1036800,-459.00110149383545,-4.590010771751404,10368,-5.0138615782291396e-05,1316.6112899780273,2.055700331926346,658.2850303649902,66.5790292499587,0.001503023182522976,0.0030468749937426765,9.644031524658203e-05,1.0,0.0005,1
324,1040000,-426.9646463394165,-4.2696464204788205,10400,-8.649062210075442e-05,1111.708610534668,2.044705629348755,555.8337707519531,47.77338644536212,0.0009311476244428084,0.0007291666697710752,8.404254913330078e-05,1.0,0.0005,1
325,1043200,-421.6543164253235,-4.216543033123016,10432,-0.0006265454899994083,1053.552001953125,2.053823798894882,526.7548370361328,47.234292938839644,0.0020035131092307978,0.004921874930005288,0.00011992454528808594,1.0,0.0005,1
326,1046400,-456.593692779541,-4.565936980247497,10464,-0.00024201992904027136,1329.0803833007812,2.042608305811882,664.5195198059082,59.02342342399061,0.0015431503884436727,0.004453125035070116,7.683038711547852e-05,1.0,0.0005,1
327,1049600,-415.0356845855713,-4.150356876850128,10496,-0.0006247368453435875,1005.4268493652344,2.053388684988022,502.69226455688477,45.38714597513899,0.000596231761165541,0.00023437500567524694,0.000102996826171875,1.0,0.0005,1
328,1052800,-441.7654848098755,-4.417654814720154,10528,-0.00013430442785944408,1196.3458786010742,2.061840444803238,598.1521759033203,49.81500142766163,0.002973882868901365,0.02036458338261582,7.992982864379883e-05,1.0,0.0005,1
329,1056000,-425.0559706687927,-4.250559785366058,10560,0.0003701944709882943,1082.9017944335938,2.071567103266716,541.4305534362793,46.67489322973415,0.0015445586277572244,0.006093750045693014,8.600950241088867e-05,1.0,0.0005,1
330,1059200,-449.36773586273193,-4.4936773347854615,10592,-0.0010731256092988417,1253.4533004760742,2.0770397037267685,626.7048072814941,50.7206827965565,0.0013978716636991945,0.0046093750424915925,8.106231689453125e-05,1.0,0.0005,1
331,1062400,-389.8211612701416,-3.8982116651535033,10624,0.0008409775268910513,833.0517959594727,2.075839012861252,416.50597953796387,45.969561220146716,0.0015202541994774896,0.0007812500007275958,0.00011944770812988281,1.0,0.0005,1
332,1065600,-445.5115098953247,-4.455115213394165,10656,-0.0004071017415401279,1153.8649826049805,2.05515119433403,576.9115371704102,48.28442792221904,0.0021275593280741904,0.012656250193685992,9.018182754516602e-05,1.0,0.0005,1
333,1068800,-422.44709396362305,-4.224470884799957,10688,-0.0002890713966405556,1012.9373207092285,2.0611773133277893,506.44776916503906,45.53474524617195,0.0004553900026856774,0.0,0.00010704994201660156,1.0,0.0005,1
334,1072000,-436.8469886779785,-4.368469753265381,10720,-0.0007214447942804902,1142.675277709961,2.064063996076584,571.3162689208984,48.48601917736232,0.0009167856301253849,0.0006510416678793263,9.518861770629883e-05,1.0,0.0005,1
335,1075200,-428.3441514968872,-4.283441300392151,10752,-3.511719901538868e-07,1021.7581329345703,2.05195389688015,510.8585453033447,46.65180018218234,0.001289680329592402,0.002031250038271537,0.00011837482452392578,1.0,0.0005,1
336,1078400,-426.8552260398865,-4.2685522675514225,10784,-0.0005209619953165934,1110.0332641601562,2.0510692298412323,554.99560546875,47.211324143223464,0.0006741902886355147,0.00015625000742147677,7.718801498413086e-05,1.0,0.0005,1
337,1081600,-468.6996850967407,-4.686996989250183,10816,-0.000510741272792048,1403.600570678711,2.053781047463417,701.7792320251465,53.81027522869408,0.000977044138267843,0.002630208313348703,7.724761962890625e-05,1.0,0.0005,1
338,1084800,-422.51105213165283,-4.2251104688644405,10848,-0.00024578645713280167,1073.661205291748,2.066410556435585,536.8096923828125,46.5726107545197,0.0011104265670390718,0.003906250021827873,9.584426879882812e-05,1.0,0.0005,1
339,1088000,-426.58953332901,-4.265895326137542,10880,-0.00016542387045781481,993.4658393859863,2.0532000362873077,496.7122268676758,45.43730427697301,0.0006638127249524587,0.0,0.00010687112808227539,1.0,0.0005,1
340,1091200,-399.1638321876526,-3.99163831949234,10912,-0.0003761374799191586,894.60009765625,2.0692338347434998,447.27898025512695,42.633999744430184,0.0006670387717811835,0.0012500000011641532,0.00012177228927612305,1.0,0.0005,1
341,1094400,-416.7853412628174,-4.1678536200523375,10944,0.0004691625641499164,1001.0445518493652,2.0538140386343002,500.5022029876709,48.9720566268079,0.0019543081634773554,0.008932291584642371,7.957220077514648e-05,1.0,0.0005,1
342,1097600,-472.16844749450684,-4.72168426990509,10976,-0.0002484800400210929,1367.758659362793,2.0401433557271957,683.8586730957031,53.52856492251158,0.0016025234872366829,0.003255208310292801,7.653236389160156e-05,1.0,0.0005,1
343,1100800,-412.67605543136597,-4.1267605924606325,11008,0.00018387863695701334,988.383358001709,2.057396501302719,494.1712875366211,49.537860750220716,0.001261913112103563,0.0026041666969831567,9.441375732421875e-05,1.0,0.0005,1
344,1104000,-405.4736032485962,-4.054736025333405,11040,-0.001136091659978966,881.7598266601562,2.056738182902336,440.8582134246826,47.52251939382404,0.0008188228505340256,0.001276041628443636,0.0001334547996520996,1.0,0.0005,1
345,1107200,-460.331006526947,-4.603309955596924,11072,0.00047688724661676396,1310.2024002075195,2.0606991797685623,655.0810699462891,51.61881040269509,0.002433087327973108,0.01242187502066372,8.082389831542969e-05,1.0,0.0005,1
346,1110400,-426.72945976257324,-4.267294340133667,11104,-5.7665113454064e-05,1064.476921081543,2.056871011853218,532.2178344726562,46.59233787609264,0.002452965972225578,0.0199218753259629,9.000301361083984e-05,1.0,0.0005,1
347,1113600,-477.2329902648926,-4.772330088615417,11136,-0.0007003557513129977,1385.624656677246,2.0485152155160904,692.791145324707,59.7336396179162,0.00152057055902413,0.009218750186846592,9.268522262573242e-05,1.0,0.0005,1
348,1116800,-491.41727924346924,-4.91417281627655,11168,-1.899137617922264e-05,1437.2498931884766,2.0606620758771896,718.6043243408203,61.389934674371034,0.001057659712615462,0.0009114583663176745,0.00011223554611206055,1.0,0.0005,1
349,1120000,-437.5209903717041,-4.375209653377533,11200,6.559531445193834e-05,1202.2007446289062,2.056893914937973,601.0798645019531,52.12334834784269,0.0007239519920866693,0.00015624999650754035,5.888938903808594e-05,1.0,0.0005,1
350,1123200,-441.92375230789185,-4.419237415790558,11232,-0.0006436081728216081,1150.6666641235352,2.0560848712921143,575.312126159668,48.85941068595275,0.0009353370643346694,0.0020312500128056854,9.572505950927734e-05,1.0,0.0005,1
351,1126400,-443.48713302612305,-4.4348712825775145,11264,-0.00015683517146225512,1130.1316833496094,2.0579326301813126,565.0451011657715,54.40623118728399,0.001035282035446389,0.0035416666796663776,9.554624557495117e-05,1.0,0.0005,1
352,1129600,-428.1964316368103,-4.281964089870453,11296,-0.000339223424179913,1033.313217163086,2.042333483695984,516.6358318328857,45.894988521467894,0.0011301512254257224,0.0015104166777746286,8.845329284667969e-05,1.0,0.0005,1
353,1132800,-414.1618957519531,-4.1416189980506894,11328,-0.0005889590404005718,935.362922668457,2.058705762028694,467.66028213500977,43.962792713195086,0.0009482806456170737,0.0005989583296468481,0.00011748075485229492,1.0,0.0005,1
354,1136000,-406.84399938583374,-4.068440141677857,11360,-0.00014570961581283903,887.3958053588867,2.065250411629677,443.6771011352539,42.058022513985634,0.0012409628770918646,0.0025520833587506786,9.870529174804688e-05,1.0,0.0005,1
355,1139200,-488.0843710899353,-4.880844087600708,11392,-2.6081184120618772e-05,1490.871322631836,2.041766509413719,745.4152221679688,54.18494144594297,0.0012805185183432095,0.0020572916728269774,5.2034854888916016e-05,1.0,0.0005,1
356,1142400,-421.6970257759094,-4.21697037935257,11424,-0.0005942584093343584,1007.2767524719238,2.058510512113571,503.6171932220459,50.31941204192117,0.0010727285844049003,0.0024739583750488237,9.369850158691406e-05,1.0,0.0005,1
357,1145600,-411.9585041999817,-4.119585063457489,11456,-0.00023366975388228184,907.560718536377,2.045776143670082,453.7596664428711,47.307857958599925,0.0010066521927009236,0.001901041639939649,9.775161743164062e-05,1.0,0.0005,1
358,1148800,-427.344358921051,-4.273443796634674,11488,0.00029580317462807315,1069.192440032959,2.047732353210449,534.5760345458984,45.35581937339157,0.0011071506262404962,5.208333459449932e-05,8.26716423034668e-05,1.0,0.0005,1
359,1152000,-416.7288064956665,-4.167288119792938,11520,0.00028239397191398563,905.4956092834473,2.059998258948326,452.727481842041,43.199979342054576,0.0010054771607891696,0.0014322916940727737,0.00011599063873291016,1.0,0.0005,1
360,1155200,-440.36864709854126,-4.403686509132386,11552,-0.0003931186423837829,1104.992992401123,2.0643025636672974,552.4754581451416,53.51417416008189,0.0015537366621182316,0.004505208413320361,9.262561798095703e-05,1.0,0.0005,1
361,1158400,-427.2065725326538,-4.27206574678421,11584,0.00012647691027878327,1001.8933715820312,2.0548051595687866,500.9262752532959,44.80318070948124,0.0010128674339293098,0.0021614583383779973,9.453296661376953e-05,1.0,0.0005,1
362,1161600,-441.8460445404053,-4.418460345268249,11616,-0.00014625946931623446,1115.7072372436523,2.0653362423181534,557.8328247070312,51.607139584142715,0.0010096873684241425,0.0021093750074214768,9.614229202270508e-05,1.0,0.0005,1
363,1164800,-407.74022674560547,-4.077402205467224,11648,-0.0006307939026237164,1009.2542190551758,2.0807636380195618,504.6056671142578,42.57570288609713,0.0009818939020086613,0.0048177083845075686,5.930662155151367e-05,1.0,0.0005,1
364,1168000,-406.8483180999756,-4.068483154773713,11680,0.00021125393846421758,799.168384552002,2.0751590877771378,399.5636501312256,52.840841732453555,0.0011362319603457297,0.00403645842379774,0.00015491247177124023,1.0,0.0005,1
365,1171200,-433.14630222320557,-4.331463053226471,11712,-0.0004285289584746721,974.0654640197754,2.063218370079994,487.0116767883301,45.44648771965876,0.0017428266280611973,0.007630208343471168,9.250640869140625e-05,1.0,0.0005,1
366,1174400,-416.3029103279114,-4.163029007911682,11744,-0.0004168524437265786,929.6512145996094,2.0644213408231735,464.8045406341553,43.71289544645697,0.001232179744193574,0.005130208402988501,8.83936882019043e-05,1.0,0.0005,1
367,1177600,-407.92245721817017,-4.079224600791931,11776,-0.0006815942929008223,908.7611694335938,2.049248620867729,454.359411239624,46.791692797560245,0.0008493106888644229,0.0011458333283371758,7.039308547973633e-05,1.0,0.0005,1
368,1180800,-466.3454566001892,-4.663454427719116,11808,-0.00019493890086486054,1260.570785522461,2.062783420085907,630.2645645141602,58.149110056459904,0.001386301818912174,0.008177083385817241,7.05718994140625e-05,1.0,0.0005,1
369,1184000,-437.9022002220154,-4.379021928310395,11840,0.0001062811371836947,1106.4750061035156,2.051706165075302,553.2170906066895,46.29158170009032,0.0015512628792756877,0.010755208393675275,6.139278411865234e-05,1.0,0.0005,1
370,1187200,-440.2296905517578,-4.402296924591065,11872,-0.00025634691511489116,1086.1677856445312,2.040860489010811,543.0632343292236,47.4981155958958,0.0014797429207655918,0.007552083385235164,7.730722427368164e-05,1.0,0.0005,1
371,1190400,-423.0290632247925,-4.230290641784668,11904,0.000658373693840808,942.0472869873047,2.0665957778692245,471.0036334991455,49.63233706448227,0.0021637311501771263,0.012864583546615904,9.137392044067383e-05,1.0,0.0005,1
372,1193600,-455.2053155899048,-4.552053165435791,11936,0.0003352977280397518,1182.001953125,2.0593419820070267,590.9807319641113,49.12139772437513,0.001615600657260891,0.010338541469536722,6.079673767089844e-05,1.0,0.0005,1
373,1196800,-424.05181217193604,-4.240518267154694,11968,-0.0005290634187683496,924.2599868774414,2.0740415155887604,462.10872650146484,44.24487291276455,0.0024656903024159135,0.02054687507916242,9.894371032714844e-05,1.0,0.0005,1
374,1200000,-389.2434973716736,-3.8924351263046266,12000,-8.081845676022326e-05,752.9653472900391,2.0651541352272034,376.4619426727295,42.785249473992735,0.000980974178674694,0.0010156249882129487,8.624792098999023e-05,1.0,0.0005,1
375,1203200,-439.6871962547302,-4.396871991157532,12032,-0.00010946594017369193,960.5744209289551,2.051040068268776,480.26659774780273,45.59572416637093,0.0007118742831843585,0.0007812500080035534,0.0001080632209777832,1.0,0.0005,1
376,1206400,-450.47003698349,-4.504700436592102,12064,-0.000578860984739249,1167.6404495239258,2.0755523443222046,583.7988929748535,48.64107200363651,0.0022090855782160366,0.011171875095897121,6.371736526489258e-05,1.0,0.0005,1
377,1209600,-432.2300224304199,-4.322300288677216,12096,-0.0004966414511127226,1039.0340995788574,2.071322739124298,519.4958362579346,50.955673166550696,0.0010525039238027329,0.0021354166528908536,7.748603820800781e-05,1.0,0.0005,1
378,1212800,-393.48315048217773,-3.934831564426422,12128,-0.0010550009704335395,689.6660842895508,2.064899817109108,344.8113384246826,38.3929165196605,0.0012387519732336338,0.00450520838421653,0.00014132261276245117,1.0,0.0005,1
379,1216000,-469.1143841743469,-4.691143927574157,12160,0.00018773543709116325,1255.5581512451172,2.074275329709053,627.7585258483887,54.12163482187316,0.0012713040864590411,0.002526041673263535,6.93202018737793e-05,1.0,0.0005,1
380,1219200,-432.9567494392395,-4.32956753730774,12192,0.0004176709224914532,956.9019203186035,2.055634006857872,478.430814743042,48.578199656214565,0.0010954921517631045,0.0011197916865057778,6.920099258422852e-05,1.0,0.0005,1
381,1222400,-430.94072437286377,-4.309407169818878,12224,-0.00027337654492537444,934.690502166748,2.0449246615171432,467.3245277404785,44.122357449959964,0.001436670059548211,0.004505208307818975,8.07046890258789e-05,1.0,0.0005,1
382,1225600,-445.28335762023926,-4.4528337097167965,12256,-0.000366597762616383,1033.0919380187988,2.060556650161743,516.524995803833,50.16856763372198,0.0012266683304468966,0.0056250000052386895,8.970499038696289e-05,1.0,0.0005,1
383,1228800,-377.6658902168274,-3.7766586709022523,12288,-0.0005117786082049491,733.7072296142578,2.0698756724596024,366.8324031829834,39.71875751577318,0.0010621671358429603,0.0022916666566743515,6.842613220214844e-05,1.0,0.0005,1
384,1232000,-439.9068355560303,-4.399068412780761,12320,-0.0002384949199889519,1041.2688369750977,2.06921124458313,520.6134834289551,50.93634958611801,0.001467299733577336,0.006171874982101144,5.8650970458984375e-05,1.0,0.0005,1
385,1235200,-445.336332321167,-4.453363184928894,12352,1.7927547766402596e-05,1003.9297065734863,2.06221941113472,501.94424629211426,53.315823283046484,0.0010891521276342822,0.0005989583223708905,0.00010514259338378906,1.0,0.0005,1
386,1238400,-429.3756113052368,-4.293756036758423,12384,0.00016320415154946755,1010.609992980957,2.0741995573043823,505.2844181060791,44.54763274639845,0.001764226746218637,0.007656249959836714,6.014108657836914e-05,1.0,0.0005,1
387,1241600,-396.02512550354004,-3.9602512073516847,12416,-0.00027594382282902785,709.5159606933594,2.0726514160633087,354.7369804382324,43.24812481785193,0.0020213406478440912,0.017812500002037268,0.00011932849884033203,1.0,0.0005,1
388,1244800,-387.2968053817749,-3.8729680156707764,12448,7.447392313286727e-05,726.7190055847168,2.0616254210472107,363.338960647583,37.22018575994298,0.0016647857946744658,0.0026562500388536137,8.58306884765625e-05,1.0,0.0005,1
389,1248000,-421.00316429138184,-4.210031633377075,12480,-5.7787555774679866e-05,894.9498291015625,2.0669735968112946,447.4541893005371,47.37209624564275,0.002013071887177688,0.010572916609817185,8.338689804077148e-05,1.0,0.0005,1
390,1251200,-453.92068910598755,-4.539206686019898,12512,-0.00023545901012145265,1166.797866821289,2.0817933082580566,583.3778762817383,54.53829087363556,0.0016411595311191314,0.009921874949213816,6.139278411865234e-05,1.0,0.0005,1
391,1254400,-435.87175846099854,-4.358717720508576,12544,-0.0006578714824718723,909.8678741455078,2.055109813809395,454.91272354125977,43.55649961717427,0.0009729977658715643,0.0019531249672581907,8.83936882019043e-05,1.0,0.0005,1
392,1257600,-410.85402250289917,-4.108540208339691,12576,0.00026859246013677396,904.7981109619141,2.084015980362892,452.3784828186035,44.7672001067549,0.0008072620506716788,0.00018229166380479,7.30752944946289e-05,1.0,0.0005,1
393,1260800,-424.64507150650024,-4.2464507508277896,12608,-0.00044121315571610253,938.2209739685059,2.0749802738428116,469.0892925262451,58.46458050562069,0.000969003504679614,0.002864583391783526,5.78761100769043e-05,1.0,0.0005,1
394,1264000,-451.0883026123047,-4.510883140563965,12640,-0.0006013510691373902,1026.9486618041992,2.0766044706106186,513.4529666900635,46.78557498939335,0.0005530832439157113,0.00031250001484295353,6.99162483215332e-05,1.0,0.0005,1
395,1267200,-420.407883644104,-4.204078979492188,12672,-0.0004509494259301583,833.7299728393555,2.075584754347801,416.8437805175781,44.61571525549516,0.000890129499226388,7.812500189174898e-05,7.659196853637695e-05,1.0,0.0005,1
396,1270400,-404.2359194755554,-4.042359213829041,12704,-0.0003727019545052279,807.3131866455078,2.0719396471977234,403.63549995422363,42.52909940527752,0.0011924575846940632,0.005364583346818108,4.267692565917969e-05,1.0,0.0005,1
397,1273600,-450.05155754089355,-4.5005156660079955,12736,-0.00029744139853238316,1012.3932189941406,2.067785084247589,506.1756362915039,53.33161064516753,0.000730939597247813,0.0,6.890296936035156e-05,1.0,0.0005,1
398,1276800,-434.080105304718,-4.340801088809967,12768,-0.00021300152367076386,942.5591659545898,2.071739047765732,471.25865364074707,43.45629637083039,0.0007834691515434999,0.0003385416821402032,5.733966827392578e-05,1.0,0.0005,1
399,1280000,-404.116277217865,-4.041162803173065,12800,0.00022929498251567093,758.045093536377,2.0517993420362473,379.0022621154785,42.51112267328426,0.0010282734842811342,0.0017447916834498756,5.59687614440918e-05,1.0,0.0005,1
400,1283200,-426.7508282661438,-4.267508432865143,12832,-0.001015456218937949,900.1346244812012,2.0518209040164948,450.0457820892334,42.58160398108885,0.0014278140199629945,0.004895833306363784,5.364418029785156e-05,1.0,0.0005,1
401,1286400,-420.02770614624023,-4.200277049541473,12864,0.0007252463536011611,836.1024971008301,2.0629712492227554,418.03134536743164,45.87587914336473,0.0012147498630391807,0.0029166666354285553,6.580352783203125e-05,1.0,0.0005,1
402,1289600,-390.63004970550537,-3.906300389766693,12896,-0.00019235336134293401,705.4955520629883,2.075032949447632,352.72682762145996,36.74000591598451,0.0009236976413839056,0.0016927083379414398,7.05718994140625e-05,1.0,0.0005,1
403,1292800,-401.11868953704834,-4.011186854839325,12928,-0.0001857060356148521,795.1829528808594,2.0796108096837997,397.570499420166,43.48422369686887,0.0011872292327560238,0.0022656249566352926,6.073713302612305e-05,1.0,0.0005,1
404,1296000,-415.9842863082886,-4.159843122959137,12960,-0.00017507488064438803,842.9745063781738,2.076164424419403,421.46631240844727,46.055192689877,0.0006020357568566714,0.00015625000378349796,6.556510925292969e-05,1.0,0.0005,1
405,1299200,-425.45816230773926,-4.2545814919471745,12992,-0.0005677950813802735,935.5136299133301,2.086321458220482,467.7353820800781,48.173409069888294,0.0006471725866966918,0.0003645833312475588,5.179643630981445e-05,1.0,0.0005,1
406,1302400,-404.7585301399231,-4.047585363388062,13024,-0.0007959978505462928,737.3616523742676,2.083611235022545,368.65919494628906,42.81770601309836,0.001072670883332552,0.002499999995052349,8.64267349243164e-05,1.0,0.0005,1
407,1305600,-435.3270421028137,-4.353270306587219,13056,-0.0005245060036758176,958.0763359069824,2.091806337237358,479.0167293548584,49.78464254597202,0.0013028970097373773,0.001562500048748916,6.324052810668945e-05,1.0,0.0005,1
408,1308800,-411.6873531341553,-4.116873502731323,13088,-0.00036950028999882534,740.5839958190918,2.084018811583519,370.2707939147949,44.20463631115854,0.0015405416233996703,0.004479166640521726,0.00011152029037475586,1.0,0.0005,1
409,1312000,-421.4336075782776,-4.214336020946503,13120,0.0008891827945567421,902.4584579467773,2.0897647738456726,451.20922088623047,44.35219908319414,0.0023018961182978076,0.011484374968858901,4.9054622650146484e-05,1.0,0.0005,1
410,1315200,-408.4073176383972,-4.084073143005371,13152,-0.0005202421177334937,766.8609886169434,2.0870867669582367,383.4091033935547,43.97044884227216,0.0033098916601382584,0.036874999925203156,7.998943328857422e-05,1.0,0.0005,1
411,1318400,-430.7190899848938,-4.30719078540802,13184,-0.00044340675549703334,893.8242378234863,2.0911787152290344,446.8907642364502,45.82170367287472,0.0015892469398302946,0.009557291745295515,7.957220077514648e-05,1.0,0.0005,1
412,1321600,-410.9234218597412,-4.109234201908111,13216,-0.00011485382353382256,774.1512794494629,2.0771417766809464,387.0547561645508,43.323076902888715,0.0006267631530370825,0.00010416666918899864,7.814168930053711e-05,1.0,0.0005,1
413,1324800,-423.58190965652466,-4.2358191871643065,13248,-6.976012732584636e-05,856.4612197875977,2.0956645756959915,428.20958518981934,46.304752259049565,0.0009528437492471241,0.0004947916677338071,6.80685043334961e-05,1.0,0.0005,1
414,1328000,-383.2670679092407,-3.832670521736145,13280,-0.00021584691923548505,627.9791603088379,2.098104640841484,313.9683837890625,39.191683158278465,0.0012960201368067677,0.0016666667033859994,9.453296661376953e-05,1.0,0.0005,1
415,1331200,-426.8267741203308,-4.268267693519593,13312,-0.0002513333159064324,866.1067962646484,2.087337240576744,433.0322742462158,46.88395329192281,0.0007168629720702953,0.0021354167256504297,7.56382942199707e-05,1.0,0.0005,1
416,1334400,-401.8740086555481,-4.01874009847641,13344,-3.970756746030091e-05,799.6895713806152,2.0884940326213837,399.82386589050293,47.96403656899929,0.0013365269974209605,0.00619791669305414,6.186962127685547e-05,1.0,0.0005,1
417,1337600,-437.7821731567383,-4.377821824550629,13376,-9.487196423529909e-05,961.0136756896973,2.0868913531303406,480.485876083374,60.05699451547116,0.0006503893384895856,0.0,6.508827209472656e-05,1.0,0.0005,1
418,1340800,-431.026273727417,-4.310262877941131,13408,-0.0006321506210618111,890.3790473937988,2.0825522989034653,445.1680679321289,42.42506180005148,0.001072573735087472,0.004244791649398394,6.532669067382812e-05,1.0,0.0005,1
419,1344000,-433.45137643814087,-4.334513666629792,13440,-0.00041255615140928237,989.5519104003906,2.097311183810234,494.7545700073242,48.44039863161743,0.0008123862270402651,0.0016145833651535213,5.602836608886719e-05,1.0,0.0005,1
420,1347200,-444.34472846984863,-4.4434473419189455,13472,-0.00016131255361861996,930.8410224914551,2.0666091591119766,465.3996810913086,49.48274213541299,0.001334606632099956,0.00468750001891749,7.534027099609375e-05,1.0,0.0005,1
421,1350400,-432.9816117286682,-4.329816241264343,13504,-0.0006604126461207116,877.5396461486816,2.078714281320572,438.74836921691895,42.34041990758851,0.0011497342252376728,0.0019270833436166868,7.95125961303711e-05,1.0,0.0005,1
422,1353600,-413.5384168624878,-4.135384171009064,13536,1.2812791911898103e-06,836.7853240966797,2.082231029868126,418.37184143066406,44.94216265715659,0.0013940438532252404,0.0035937500178988557,6.967782974243164e-05,1.0,0.0005,1
423,1356800,-425.33131217956543,-4.253313064575195,13568,0.0006092026542896534,795.8532562255859,2.0720860809087753,397.9065189361572,44.332857882604,0.0015971880147853607,0.006901041626406368,9.948015213012695e-05,1.0,0.0005,1
424,1360000,-422.1393532752991,-4.22139340877533,13600,-0.0007740787509889491,880.6935577392578,2.072789967060089,440.3252773284912,44.14790513366461,0.00284276318689158,0.01348958351809415,5.161762237548828e-05,1.0,0.0005,1
425,1363200,-439.8310594558716,-4.398310670852661,13632,-0.00018020647239236354,943.7264213562012,2.0870334953069687,471.8421573638916,49.87014262890443,0.0010294093674482108,0.002005208341870457,6.35385513305664e-05,1.0,0.0005,1
426,1366400,-415.76501989364624,-4.157650175094605,13664,-0.0003560619467437576,781.0025215148926,2.082314610481262,390.4800777435303,43.88667235057801,0.0012874058024871387,0.0038802083145128563,7.37309455871582e-05,1.0,0.0005,1
427,1369600,-392.69155406951904,-3.926915316581726,13696,-0.0010586655495232744,681.0163345336914,2.0841174274683,340.486270904541,40.286176247522235,0.0019578443320832153,0.012656249877181835,7.289648056030273e-05,1.0,0.0005,1
428,1372800,-406.3745217323303,-4.0637452507019045,13728,-7.952209208572647e-05,706.6985397338867,2.0749513506889343,353.32844161987305,61.520820832811296,0.001247470903309384,0.006614583337068325,9.334087371826172e-05,1.0,0.0005,1
429,1376000,-411.186785697937,-4.111867773532867,13760,-0.00036482290847761334,759.1019515991211,2.09079547226429,379.5297050476074,38.807153303176165,0.0009206964933817902,0.003098958342889091,7.867813110351562e-05,1.0,0.0005,1
430,1379200,-421.05367612838745,-4.210536987781524,13792,0.0010642691113145197,849.6914749145508,2.080985888838768,424.82599449157715,50.60302905552089,0.0015546979198014371,0.009218749964929884,6.133317947387695e-05,1.0,0.0005,1
431,1382400,-425.9647693634033,-4.25964777469635,13824,0.0011264095536533958,902.4520111083984,2.096362054347992,451.2061653137207,51.264367195777595,0.002709867393606032,0.029765625557047315,5.5909156799316406e-05,1.0,0.0005,1
432,1385600,-415.180383682251,-4.151803724765777,13856,0.0012229078349144107,800.3943023681641,2.088930234313011,400.17748641967773,47.99775567697361,0.0032960672861016248,0.03468749989406206,6.496906280517578e-05,1.0,0.0005,1
433,1388800,-387.9849829673767,-3.8798498821258547,13888,0.002184037644522796,620.0201377868652,2.0716248899698257,309.9915370941162,36.22048512287438,0.004767933905896716,0.05721354047273053,8.511543273925781e-05,1.0,0.0005,1
434,1392000,-416.3614583015442,-4.163614552021027,13920,0.002763220118650267,742.4849281311035,2.0765513479709625,371.2244644165039,48.81500420253724,0.005035309190135113,0.06148437415686203,9.232759475708008e-05,1.0,0.0005,1
435,1395200,-427.120970249176,-4.271209487915039,13952,0.0018197559778485584,913.6527290344238,2.0653517991304398,456.8075313568115,45.377414625138044,0.004882093937340765,0.05703124999126885,4.976987838745117e-05,1.0,0.0005,1
436,1398400,-450.84233474731445,-4.508423109054565,13984,0.00095782184596227,948.9825744628906,2.0644480288028717,474.4716053009033,49.85390619374812,0.0038758171831440235,0.04140624954015948,6.854534149169922e-05,1.0,0.0005,1
437,1401600,-411.90092039108276,-4.119009175300598,14016,-0.0009390694753590445,851.6165924072266,2.081780508160591,425.7865409851074,43.07852039299905,0.002543441039507209,0.024427083189948462,5.0067901611328125e-05,1.0,0.0005,1
438,1404800,-395.91798067092896,-3.959179763793945,14048,-5.098746642007157e-06,632.9621429443359,2.0644703656435013,316.46042251586914,51.478280967567116,0.0005692241770710784,0.0004687500149884727,7.677078247070312e-05,1.0,0.0005,1
439,1408000,-412.7898268699646,-4.127898526191712,14080,-0.00011831159814390535,737.6091918945312,2.0707778185606003,368.7837657928467,37.63348872913048,0.0002860759789777075,0.0,7.104873657226562e-05,1.0,0.0005,1
440,1411200,-409.0453209877014,-4.090453357696533,14112,-0.0008894639194295395,792.2708702087402,2.080433279275894,396.1137466430664,43.30610154848546,0.0018451205360187062,0.007682291627133964,6.312131881713867e-05,1.0,0.0005,1
441,1414400,-409.04289627075195,-4.090429122447968,14144,-0.0003397107911906616,694.5209159851074,2.079210177063942,347.23932456970215,47.66015005018562,0.0008445705735774821,0.0006770833206246607,0.00010132789611816406,1.0,0.0005,1
442,1417600,-438.16544103622437,-4.381654548645019,14176,-0.0005119041028955884,877.5453567504883,2.073339894413948,438.7514305114746,42.196795139461756,0.0012976973837347246,0.0033854167559184134,6.633996963500977e-05,1.0,0.0005,1
443,1420800,-416.40438652038574,-4.164043803215026,14208,-0.0006288321046055145,759.1258850097656,2.084397464990616,379.5414695739746,48.61327382456511,0.0009708274326392833,0.001093750001018634,7.88569450378418e-05,1.0,0.0005,1
444,1424000,-404.3946866989136,-4.043946702480316,14240,-0.00036372441698384606,729.2524375915527,2.1038777381181717,364.60480880737305,41.553966843988746,0.0008701253780153018,0.0011979166774835903,7.098913192749023e-05,1.0,0.0005,1
445,1427200,-410.6203360557556,-4.106203184127808,14272,0.00022560812815441977,781.1845283508301,2.0690130293369293,390.5718002319336,41.95108253322542,0.0010348889695713723,0.0029427083500195295,5.704164505004883e-05,1.0,0.0005,1
446,1430400,-397.16350173950195,-3.97163489818573,14304,-0.00028471898000281826,666.2051124572754,2.075701266527176,333.08151626586914,42.41702663898468,0.0008435113157937409,0.001901041679957416,6.0439109802246094e-05,1.0,0.0005,1
447,1433600,-431.5801091194153,-4.3158008980751035,14336,1.6600339154071442e-05,840.6189117431641,2.085194870829582,420.28861808776855,60.12796666100621,0.000247499094428645,0.0,6.306171417236328e-05,1.0,0.0005,1
448,1436800,-452.14505100250244,-4.521450471878052,14368,-0.0007689577054303953,908.2417106628418,2.0695631355047226,454.09938621520996,43.44970219489187,0.000710138832233325,0.0006249999860301614,6.67572021484375e-05,1.0,0.0005,1
449,1440000,-398.8439693450928,-3.98843968629837,14400,-0.0002995540459520829,627.6960716247559,2.074745610356331,313.82698822021484,39.59181114286184,0.0013842337991725826,0.0016406250178988557,8.600950241088867e-05,1.0,0.0005,1
450,1443200,-420.48076009750366,-4.204807600975037,14432,-5.561286912780794e-05,798.7520294189453,2.067951336503029,399.3552780151367,42.99386731535196,0.0005847726428108249,2.604166729724966e-05,5.728006362915039e-05,1.0,0.0005,1
451,1446400,-427.86265659332275,-4.278626534938812,14464,0.0002233008010810167,754.827880859375,2.0654342621564865,377.39351081848145,49.240775890182704,0.001121715769387114,0.001979166700039059,8.291006088256836e-05,1.0,0.0005,1
452,1449600,-420.9237289428711,-4.20923716545105,14496,5.183212312664942e-05,817.6579093933105,2.0782822966575623,408.80822372436523,42.65159564092755,0.0007882176553274145,0.00023437500203726813,4.7266483306884766e-05,1.0,0.0005,1
453,1452800,-448.81859731674194,-4.4881860184669495,14528,1.0680979679933422e-05,917.65234375,2.0748359113931656,458.8054313659668,69.41513865627348,0.00012135425799975416,0.0,5.7637691497802734e-05,1.0,0.0005,1
454,1456000,-400.51305961608887,-4.00513055562973,14560,-0.0007347698349440268,666.8393669128418,2.078797847032547,333.3981590270996,35.56385598704219,0.0007305895706516287,0.0012500000266300049,7.18235969543457e-05,1.0,0.0005,1
455,1459200,-419.70295000076294,-4.197029428482056,14592,0.00036122870025701026,811.3209533691406,2.080164447426796,405.6400375366211,47.531683773733675,0.001911972450216881,0.006093750067520887,4.786252975463867e-05,1.0,0.0005,1
456,1462400,-446.0116763114929,-4.460116786956787,14624,-9.131250096583443e-05,954.352840423584,2.076501190662384,477.15556716918945,52.81183257699013,0.0004348001077695307,7.812499825377017e-05,5.0187110900878906e-05,1.0,0.0005,1
457,1465600,-385.97322130203247,-3.859732201099396,14656,-0.00045076127469279026,617.386604309082,2.096008688211441,308.6718940734863,41.311111017130315,0.000504530216176863,0.0003124999893771019,6.902217864990234e-05,1.0,0.0005,1
458,1468800,-423.7603368759155,-4.237603406906128,14688,0.0006023651407911501,828.6979866027832,2.061902567744255,414.32897186279297,47.020507441833615,0.0021802474871045643,0.017109375083236955,4.6133995056152344e-05,1.0,0.0005,1
459,1472000,-438.28247928619385,-4.382824788093567,14720,-0.000643113715741439,850.0124549865723,2.0733363926410675,424.98484992980957,56.531424454879016,0.001701690201571932,0.013203124937717803,6.103515625e-05,1.0,0.0005,1
460,1475200,-431.5550751686096,-4.315550696849823,14752,-0.0001485020123892511,824.1066741943359,2.070098862051964,412.0324897766113,39.1948754535988,0.0009334983401466876,0.0020572916582750622,5.1081180572509766e-05,1.0,0.0005,1
461,1478400,-440.1347508430481,-4.401347301006317,14784,-0.00021351007304160063,848.7418975830078,2.0774664729833603,424.3499584197998,58.11151648918167,0.0013822275952869562,0.003619791674282169,7.075071334838867e-05,1.0,0.0005,1
462,1481600,-409.7873601913452,-4.0978735113143925,14816,-0.0005270246229701625,641.9297637939453,2.057553246617317,320.9437789916992,39.80223164940253,0.0005532300316993595,0.0003645833239716012,8.016824722290039e-05,1.0,0.0005,1
463,1484800,-435.2291669845581,-4.352291860580444,14848,-0.00022428145649122655,866.1045150756836,2.083243504166603,433.0312023162842,46.534255910199136,0.0006405665358222962,0.0,5.8770179748535156e-05,1.0,0.0005,1
464,1488000,-418.2622470855713,-4.182622327804565,14880,1.5643337588189254e-05,797.8121032714844,2.0610020458698273,398.8854522705078,42.11152517423034,0.001112248443406127,0.0002604166729724966,4.696846008300781e-05,1.0,0.0005,1
465,1491200,-427.56881523132324,-4.2756880140304565,14912,-0.00039278033934053713,797.6926345825195,2.067847430706024,398.82524490356445,63.07631663419306,0.0008355770540909716,0.00033854166758828796,5.626678466796875e-05,1.0,0.0005,1
466,1494400,-447.18369483947754,-4.4718368625640865,14944,-0.00030064312159083784,906.850284576416,2.0772502571344376,453.40407371520996,47.91283821966499,0.00042862686893915906,0.00036458332760958,5.602836608886719e-05,1.0,0.0005,1
467,1497600,-424.96940898895264,-4.249693870544434,14976,0.0003950626118873757,822.5191459655762,2.063799172639847,411.23933029174805,44.06442753691226,0.0010439984448575293,0.004296875056752469,5.155801773071289e-05,1.0,0.0005,1
468,1500800,-401.0662479400635,-4.0106624364852905,15008,-0.00016475761776590936,603.413143157959,2.060187190771103,301.68580627441406,42.479788281954825,0.000833479710196002,0.0006250000078580342,7.957220077514648e-05,1.0,0.0005,1
469,1504000,-411.683207988739,-4.116832220554352,15040,-0.0002725478525811287,720.1933326721191,2.0777702182531357,360.0756187438965,41.04758641961962,0.0008885478318923514,0.0011197916719538625,6.014108657836914e-05,1.0,0.0005,1
470,1507200,-409.1619257926941,-4.091619355678558,15072,0.00017015902694161866,655.6659660339355,2.064822554588318,327.81250762939453,44.15965014602989,0.0004785509971733189,0.0,6.598234176635742e-05,1.0,0.0005,1
471,1510400,-424.62070512771606,-4.246207115650177,15104,-0.00023059365558442124,781.878490447998,2.0736354142427444,390.9182777404785,46.56376000121236,0.0003656787498024509,0.0,6.288290023803711e-05,1.0,0.0005,1
472,1513600,-394.0511317253113,-3.9405111718177794,15136,-0.00039531333063980156,697.2444610595703,2.0823073238134384,348.60101318359375,37.41629967838526,0.0010739000877045693,0.0023177083130576648,5.501508712768555e-05,1.0,0.0005,1
473,1516800,-421.132173538208,-4.211321730613708,15168,0.0004022476589580215,750.0697021484375,2.0697323977947235,375.01455307006836,50.900222388096154,0.0012167837498972415,0.0013802083230984863,7.426738739013672e-05,1.0,0.0005,1
474,1520000,-402.1703357696533,-4.021703243255615,15200,-0.0005321209601408805,654.1893005371094,2.072307512164116,327.07339668273926,38.76050531491637,0.0005855556960349165,0.0006510416460514534,7.873773574829102e-05,1.0,0.0005,1
475,1523200,-432.0904507637024,-4.320904667377472,15232,-0.0001542643342444805,785.1728019714355,2.08502995967865,392.56539154052734,44.818456693552434,0.0009655691196720427,0.0001302083364862483,8.440017700195312e-05,1.0,0.0005,1
476,1526400,-445.6311731338501,-4.456311731338501,15264,-0.0003846592000111837,847.4762496948242,2.086421549320221,423.7168712615967,46.99353498686105,0.0008114748577562321,0.0007291666915989481,8.64267349243164e-05,1.0,0.0005,1
477,1529600,-425.2961254119873,-4.252961115837097,15296,-0.0007457027419741635,781.3175964355469,2.0884210616350174,390.63716316223145,43.9227843969129,0.0010120076408391598,0.005989583394693909,8.052587509155273e-05,1.0,0.0005,1
478,1532800,-412.9007320404053,-4.129007186889648,15328,-0.0005834941218988421,667.6558151245117,2.0835405737161636,333.8064880371094,39.928599919658154,0.002331954461170239,0.015156249966821633,8.720159530639648e-05,1.0,0.0005,1
479,1536000,-414.07508850097656,-4.140750961303711,15360,-0.0003580839179024575,675.4786148071289,2.089047998189926,337.7180576324463,40.84805621393025,0.000803366797300327,0.00145833331043832,9.119510650634766e-05,1.0,0.0005,1
480,1539200,-435.1809597015381,-4.351809439659118,15392,-0.0006987437833956278,828.590503692627,2.065695509314537,414.2738971710205,43.2659832010977,0.0011389164901638039,0.004010416716482723,5.811452865600586e-05,1.0,0.0005,1
481,1542400,-417.96055936813354,-4.1796055603027344,15424,-0.00043948541203908675,756.1373405456543,2.082217827439308,378.0474052429199,41.31684098392725,0.0007508774656351813,0.0008072916825767606,6.306171417236328e-05,1.0,0.0005,1
482,1545600,-419.1328902244568,-4.191328811645508,15456,-7.937033864591214e-05,692.4275779724121,2.0707606077194214,346.19300270080566,49.320109428837895,0.000476114175683844,0.0001822916674427688,7.718801498413086e-05,1.0,0.0005,1
483,1548800,-444.28785467147827,-4.442878470420838,15488,5.862033926984367e-05,852.4374084472656,2.077385202050209,426.19799041748047,45.79953256808221,0.0005167912928535073,5.208333459449932e-05,6.896257400512695e-05,1.0,0.0005,1
484,1552000,-397.8305287361145,-3.9783049917221067,15520,-0.00028066344835386836,602.2212867736816,2.0766323059797287,301.08959197998047,36.53199949674308,0.0010952169948275953,0.0015625000160071068,7.349252700805664e-05,1.0,0.0005,1
485,1555200,-398.42977380752563,-3.98429780960083,15552,-7.295217279512656e-05,605.6713409423828,2.0767406225204468,302.8148365020752,54.16842029243708,0.0003608395177828799,0.0,8.469820022583008e-05,1.0,0.0005,1
486,1558400,-414.71502208709717,-4.147150387763977,15584,-0.0007558311833811837,658.7451324462891,2.075728729367256,329.3510570526123,39.613261436112225,0.0006230113452837089,0.0004947916568198707,7.748603820800781e-05,1.0,0.0005,1
487,1561600,-437.63274240493774,-4.376327271461487,15616,-0.0008449639881230597,830.9633255004883,2.0854315906763077,415.45995903015137,50.629694156348705,0.0011801151399602897,0.006250000042200554,7.337331771850586e-05,1.0,0.0005,1
488,1564800,-441.8187370300293,-4.418187189102173,15648,-0.00027268005718417143,835.9475860595703,2.0776486992836,417.9527397155762,45.28623322211206,0.00042999010929712034,0.0,6.586313247680664e-05,1.0,0.0005,1
489,1568000,-409.04300260543823,-4.090430176258087,15680,-0.0003224354228646975,615.6434898376465,2.082721158862114,307.800594329834,56.73943477682769,0.0007906904540967254,0.00046875000771251507,9.739398956298828e-05,1.0,0.0005,1
490,1571200,-406.8255887031555,-4.068255980014801,15712,-0.00012241156670522724,683.2273941040039,2.0664721727371216,341.59290885925293,34.46952165197581,0.0006572530786578467,0.0005729166659875773,6.192922592163086e-05,1.0,0.0005,1
491,1574400,-421.8082866668701,-4.218082594871521,15744,-0.0008680928580846459,730.6033935546875,2.083619087934494,365.27999114990234,46.37541113374755,0.0009808182016975983,0.001171875021100277,6.955862045288086e-05,1.0,0.0005,1
492,1577600,-414.27171564102173,-4.14271725654602,15776,-0.00025028362633139345,649.4168968200684,2.0705901980400085,324.68749237060547,40.0829060068354,0.0007586122314941059,0.001041666699165944,8.26716423034668e-05,1.0,0.0005,1
493,1580800,-452.1489725112915,-4.521489577293396,15808,0.0004158167661023615,940.5847396850586,2.045931100845337,470.27232360839844,55.931493904441595,0.0017019958704630848,0.008854166659148177,4.464387893676758e-05,1.0,0.0005,1
494,1584000,-415.458402633667,-4.154584159851074,15840,-0.00027455669866283117,728.4586448669434,2.063654586672783,364.2084083557129,44.50160772912204,0.0009191175082614282,0.00117187504292815,5.5789947509765625e-05,1.0,0.0005,1
495,1587200,-459.2582368850708,-4.592582335472107,15872,-5.740558663469564e-05,887.1314888000488,2.063691407442093,443.54504776000977,63.393699831329286,0.0006726149271124561,0.00010416666555101983,6.467103958129883e-05,1.0,0.0005,1
496,1590400,-440.8899722099304,-4.408899698257446,15904,-0.0004374979389163425,832.5813484191895,2.0733520686626434,416.2695026397705,40.0202098665759,0.0007367008782929506,5.208333459449932e-05,5.53131103515625e-05,1.0,0.0005,1
497,1593600,-443.069016456604,-4.430690205097198,15936,-0.00020992060655167233,854.3327331542969,2.0684518069028854,427.14546966552734,45.36260604951531,0.0012622233900864597,0.0029687500064028427,5.692243576049805e-05,1.0,0.0005,1
498,1596800,-416.33238983154297,-4.1633240151405335,15968,-0.0003648989709077455,655.0324249267578,2.075162187218666,327.4950942993164,49.59591304697096,0.0010745681372562603,0.0011197916464880109,8.26120376586914e-05,1.0,0.0005,1
499,1600000,-401.51058864593506,-4.015105805397034,16000,4.2130224995773347e-05,615.0127792358398,2.061342269182205,307.4858169555664,41.37882839422673,0.0006305214059246324,5.208333459449932e-05,6.258487701416016e-05,1.0,0.0005,1
500,1603200,-430.1499590873718,-4.30149955034256,16032,-0.00028463984175686186,774.2291641235352,2.075783282518387,387.093542098999,41.867494923993945,0.0006264742892207111,0.0003906249985448085,5.3763389587402344e-05,1.0,0.0005,1
501,1606400,-435.82647800445557,-4.35826468706131,16064,7.639718387464356e-06,701.7048721313477,2.0645401030778885,350.83179664611816,62.03892375016585,0.0008745895088403536,0.0002864583475457039,8.630752563476562e-05,1.0,0.0005,1
502,1609600,-438.7100877761841,-4.387100965976715,16096,-0.00024495400303525816,793.0271682739258,2.0635130405426025,396.4927043914795,39.45573577750474,0.0002502257489148311,0.0,6.22868537902832e-05,1.0,0.0005,1
503,1612800,-412.3926749229431,-4.123926899433136,16128,-6.386692308923969e-05,678.9228248596191,2.0388046503067017,339.4409599304199,42.078456584364176,0.0008749778482988011,0.0001302083364862483,5.316734313964844e-05,1.0,0.0005,1
504,1616000,-384.1882338523865,-3.841882348060608,16160,0.0005984654571420389,516.7047824859619,2.072378560900688,258.33226203918457,33.4169187489897,0.0010267316465623385,0.0015104166486707982,7.033348083496094e-05,1.0,0.0005,1
505,1619200,-437.06303691864014,-4.3706304693222044,16192,0.00034686054364405083,781.8969230651855,2.0658462196588516,390.9281539916992,62.54865550901741,0.0007261976809340198,0.0006510416751552839,5.5789947509765625e-05,1.0,0.0005,1
506,1622400,-372.8450527191162,-3.728450632095337,16224,-0.00037522290472224995,520.1131896972656,2.073725938796997,260.03547763824463,27.880177158862352,0.0005021468243179108,0.000260416665696539,5.429983139038086e-05,1.0,0.0005,1
507,1625600,-410.86342763900757,-4.108634266853333,16256,0.0008423213989863232,648.3881225585938,2.0668880194425583,324.1742305755615,57.752418506890535,0.0008014305299192653,0.0017708333580230828,5.638599395751953e-05,1.0,0.0005,1
508,1628800,-438.64646434783936,-4.386464552879334,16288,-0.00023744398706782022,733.7926368713379,2.0494555085897446,366.875581741333,42.02901820000261,0.0002292917376970377,2.604166729724966e-05,6.920099258422852e-05,1.0,0.0005,1
509,1632000,-433.3198356628418,-4.333198320865631,16320,0.0002478156524752251,711.8567657470703,2.059180334210396,355.90804290771484,45.77914153551683,0.0012526717487170863,0.004062500054715201,8.755922317504883e-05,1.0,0.0005,1
510,1635200,-413.8458790779114,-4.138458769321442,16352,-0.00015117183078250385,660.0536880493164,2.0577207058668137,330.00611686706543,39.1011463040486,0.0011982838332195568,0.0040364583510381635,7.224082946777344e-05,1.0,0.0005,1
511,1638400,-429.6605100631714,-4.2966049289703365,16384,-0.0006431725947761979,678.3975563049316,2.0569793581962585,339.1775646209717,41.220781894400716,0.0008092716187783337,0.0005208333386690356,9.262561798095703e-05,1.0,0.0005,1
512,1641600,-448.9263563156128,-4.489263479709625,16416,1.6079505849919684e-05,860.4635467529297,2.0572181195020676,430.2112159729004,60.294701238162816,0.0008670435214534318,0.00028645832935580984,6.961822509765625e-05,1.0,0.0005,1
513,1644800,-409.92653226852417,-4.099265322685242,16448,-0.0004859132767167651,657.8482818603516,2.0606140792369843,328.9030475616455,34.22127460502088,0.0008443718287489062,0.0006510416642413475,8.314847946166992e-05,1.0,0.0005,1
514,1648000,-417.76375341415405,-4.177637465000153,16480,0.00029100128764403266,699.6694793701172,2.045729383826256,349.81457710266113,47.69310676306486,0.0009566023798023989,0.0023697916731180158,7.617473602294922e-05,1.0,0.0005,1
515,1651200,-422.9830017089844,-4.229830040931701,16512,-0.0005258509558596636,679.576114654541,2.0550159215927124,339.76698112487793,45.10947708785534,0.00047617509551486307,0.0004947916750097647,9.79304313659668e-05,1.0,0.0005,1
516,1654400,-402.3845224380493,-4.023845436573029,16544,-1.4095315241213768e-05,599.0057106018066,2.0531098544597626,299.48231506347656,39.999455254524946,0.0012678076145683456,0.0039062499708961695,9.649991989135742e-05,1.0,0.0005,1
517,1657600,-431.9518814086914,-4.319518911838531,16576,0.00021986201269363903,685.0960235595703,2.0467029064893723,342.5277633666992,55.684797164518386,0.0011410995423384047,0.003828125016298145,0.0001195669174194336,1.0,0.0005,1
518,1660800,-421.7667827606201,-4.217667996883392,16608,-0.0009085813475168958,708.2281913757324,2.0563442558050156,354.0926284790039,35.62229485437274,0.0010813686024001195,0.002786458415357629,8.082389831542969e-05,1.0,0.0005,1
519,1664000,-399.8642387390137,-3.9986424255371094,16640,-0.0005589927943736583,591.7766380310059,2.0545152574777603,295.8672161102295,55.779633827507496,0.0005344991514001831,7.812499825377017e-05,9.173154830932617e-05,1.0,0.0005,1
520,1667200,-378.56404972076416,-3.7856402444839476,16672,-0.00026072693682333004,445.70191192626953,2.050012528896332,222.8301944732666,31.863789400085807,0.0008019783615517788,0.0011979166520177387,0.0001270771026611328,1.0,0.0005,1
521,1670400,-419.1663284301758,-4.1916630482673645,16704,-0.00035938960496739725,676.7064933776855,2.0526184886693954,338.3323554992676,56.118095360696316,0.0008573631151884014,0.0007291666624951176,7.969141006469727e-05,1.0,0.0005,1
522,1673600,-437.4723114967346,-4.374723060131073,16736,-0.0002382109169745128,773.9954376220703,2.055322051048279,386.9769287109375,47.50917987059802,0.0007203538402800152,0.0009375000117870513,7.748603820800781e-05,1.0,0.0005,1
523,1676800,-411.04902839660645,-4.1104905223846435,16768,-0.0001727609065089175,578.4281234741211,2.062142074108124,289.193265914917,37.65941635146737,0.0006236169415395972,0.001041666699165944,0.00011307001113891602,1.0,0.0005,1
524,1680000,-390.73450994491577,-3.907345004081726,16800,0.00011538510451525319,510.1596488952637,2.0398523807525635,255.05954265594482,47.47316234000027,0.0004693282097614289,5.208333459449932e-05,9.590387344360352e-05,1.0,0.0005,1
525,1683200,-443.6301546096802,-4.4363013982772825,16832,-0.000403074001275594,855.6361045837402,2.0524949431419373,427.79712295532227,44.10182573413476,0.0004141890231047611,0.0,6.312131881713867e-05,1.0,0.0005,1
526,1686400,-407.39860916137695,-4.073986129760742,16864,-0.0004511962514186507,607.8804092407227,2.0661071985960007,303.9190921783447,38.99571555107832,0.0008385211478989015,7.812500189174898e-05,7.861852645874023e-05,1.0,0.0005,1
527,1689600,-404.21862840652466,-4.042186412811279,16896,-0.0003837074820554065,586.4696846008301,2.0710833370685577,293.21374702453613,52.205281902104616,0.0002338281939565895,0.0,0.0001004934310913086,1.0,0.0005,1
528,1692800,-393.7117476463318,-3.9371174502372743,16928,-0.0004232088955571367,563.1923160552979,2.0662637799978256,281.57507038116455,33.28623788803816,0.0005984073740145127,0.0003645833312475588,9.715557098388672e-05,1.0,0.0005,1
529,1696000,-412.5721354484558,-4.125721304416657,16960,0.00010601488366468459,666.5600738525391,2.062095656991005,333.25951766967773,58.094291186891496,0.0004851265230180618,0.0,8.26716423034668e-05,1.0,0.0005,1
530,1699200,-378.6618175506592,-3.7866179537773133,16992,-0.00027119498345501425,440.98143005371094,2.0753017961978912,220.4696922302246,28.203379753045738,0.0004603498949231048,0.00015625000742147677,0.0001442432403564453,1.0,0.0005,1
531,1702400,-435.3628520965576,-4.353628509044647,17024,-0.0004986693233575146,720.331127166748,2.052703619003296,360.14453887939453,50.716271098703146,0.0011004232160310623,0.0010156249882129487,8.732080459594727e-05,1.0,0.0005,1
532,1705600,-433.59572553634644,-4.335957353115082,17056,-0.00016683559619812272,750.6764297485352,2.0601981580257416,375.31744384765625,45.44848118070513,0.0013379465892747982,0.0025000000387080945,6.747245788574219e-05,1.0,0.0005,1
533,1708800,-358.74947214126587,-3.5874946188926695,17088,-0.0008498364457136809,381.2467613220215,2.0803729742765427,190.60172653198242,27.09333837777376,0.0014507369321571655,0.002291666649398394,0.00011020898818969727,1.0,0.0005,1
534,1712000,-435.78284454345703,-4.357828412055969,17120,-4.910152076864627e-05,721.8535270690918,2.0685076862573624,360.9060306549072,59.30395719315857,0.0005721215342199506,0.0,7.826089859008789e-05,1.0,0.0005,1
535,1715200,-429.21210193634033,-4.292121152877808,17152,-0.0005048716562763289,687.7176551818848,2.0571897625923157,343.8377513885498,36.259760222863406,0.0011521146216190111,0.005677083387126913,8.64267349243164e-05,1.0,0.0005,1
536,1718400,-446.1979513168335,-4.461979365348816,17184,0.0002158087507662665,882.7558822631836,2.051454797387123,441.35764503479004,47.34077279642224,0.0010174135359201151,0.0001302083401242271,4.9173831939697266e-05,1.0,0.0005,1
537,1721600,-426.590696811676,-4.265907046794891,17216,0.00020241664636766465,649.569091796875,2.039608597755432,324.7643508911133,52.72875201981515,0.002164679459384259,0.0074218750014551915,8.96453857421875e-05,1.0,0.0005,1
538,1724800,-479.2157926559448,-4.792158079147339,17248,-0.00026260743904460426,1011.7794380187988,2.0288387089967728,505.8691654205322,49.15692376764491,0.0014306128593952598,0.004401041675009765,5.6743621826171875e-05,1.0,0.0005,1
539,1728000,-412.4635343551636,-4.124635388851166,17280,-0.0010529228715983052,597.7528038024902,2.0344296395778656,298.8549995422363,37.44112037308514,0.0018378326647060957,0.007161458350310568,8.755922317504883e-05,1.0,0.0005,1
540,1731200,-388.13924169540405,-3.8813924169540406,17312,-0.0008757180850200719,464.55803298950195,2.0418538600206375,232.25772190093994,39.44975164812058,0.001643256467105772,0.00453125008061761,0.00010341405868530273,1.0,0.0005,1
541,1734400,-427.95278453826904,-4.27952802658081,17344,0.0004190928351559542,707.2179946899414,2.061658501625061,353.5888023376465,44.060055708512664,0.0011027550801835824,0.0007291666734090541,6.598234176635742e-05,1.0,0.0005,1
542,1737600,-387.1361632347107,-3.871361882686615,17376,-0.00037079374428683476,441.56065559387207,2.0609042644500732,220.75934600830078,38.66558159887791,0.001283326254907363,0.0012760416793753393,0.0001131892204284668,1.0,0.0005,1
543,1740800,-410.569242477417,-4.105692429542541,17408,0.0007806702933506049,577.6350555419922,2.045228958129883,288.7978572845459,48.48827583529055,0.00117603641888393,0.0006510416860692203,8.690357208251953e-05,1.0,0.0005,1
544,1744000,-377.94051456451416,-3.77940505027771,17440,-8.425620200647188e-05,436.23741149902344,2.042153522372246,218.09819984436035,30.282096391543746,0.0008993615492736435,0.00039062499126885086,0.00010496377944946289,1.0,0.0005,1
545,1747200,-392.9654984474182,-3.929655084609985,17472,0.0002656026806304723,543.2481842041016,2.0477538257837296,271.60387992858887,47.658953960984945,0.0005909509118290481,2.604166729724966e-05,7.891654968261719e-05,1.0,0.0005,1
546,1750400,-424.9888081550598,-4.249887993335724,17504,-0.0002618327760683381,740.6974105834961,2.0451259464025497,370.32799530029297,43.05816660635173,0.00033205877673565863,0.00023437499476131052,5.632638931274414e-05,1.0,0.0005,1
547,1753600,-404.1198949813843,-4.041198863983154,17536,0.00017715456033928767,536.1965446472168,2.065366417169571,268.07780170440674,43.303782916627824,0.0019904134173892906,0.008697916688106488,0.00010061264038085938,1.0,0.0005,1
548,1756800,-400.13474321365356,-4.001347327232361,17568,-0.0006115166068836331,535.2205600738525,2.056637167930603,267.58910179138184,37.92592148017138,0.0015944450742617195,0.0037500000289583113,8.469820022583008e-05,1.0,0.0005,1
549,1760000,-450.8030939102173,-4.508030827045441,17600,-0.0002658464226747981,805.3203506469727,2.072024926543236,402.63918685913086,48.71612915210426,0.0007373928309569905,0.0010677083373593632,6.645917892456055e-05,1.0,0.0005,1
550,1763200,-419.75872802734375,-4.197586948871613,17632,0.0006669498456790546,617.8439025878906,2.0632714480161667,308.90198707580566,53.79514585249126,0.0013121561021315954,0.0023958333622431383,8.046627044677734e-05,1.0,0.0005,1
551,1766400,-395.059109210968,-3.9505911231040955,17664,-0.00031798337311705893,506.0085964202881,2.0484395623207092,252.98349380493164,34.282386757433414,0.0007999535162079809,0.0010416666664241347,8.112192153930664e-05,1.0,0.0005,1
552,1769600,-400.79997205734253,-4.007999844551087,17696,0.0002888272674983483,506.3265132904053,2.062155067920685,253.14292526245117,48.34618686884642,0.0007026115396237226,0.0,9.310245513916016e-05,1.0,0.0005,1
553,1772800,-400.836377620697,-4.00836371421814,17728,-0.0008386211577999791,484.08922386169434,2.0589942634105682,242.0231809616089,36.361072117462754,0.0005859763208499741,0.00041666666220407933,9.08970832824707e-05,1.0,0.0005,1
554,1776000,-398.372362613678,-3.9837234449386596,17760,0.000827505074306234,520.19921875,2.0539577454328537,260.0798969268799,47.55901217833161,0.0012288734503735415,0.0011718750247382559,8.004903793334961e-05,1.0,0.0005,1
555,1779200,-393.7094588279724,-3.937094473838806,17792,0.0001863942976645383,447.65486335754395,2.054419130086899,223.80707359313965,35.75753034604713,0.0017031041115851161,0.003567708390619373,0.00011181831359863281,1.0,0.0005,1
556,1782400,-441.6355514526367,-4.416355412006379,17824,-0.0014522522221849243,781.8348541259766,2.0438252389431,390.8955364227295,40.300621546804905,0.0022983520279930714,0.014531250224536052,4.9233436584472656e-05,1.0,0.0005,1
557,1785600,-378.50727891921997,-3.785072603225708,17856,0.00029844303883930223,421.9021415710449,2.0601565092802048,210.93076992034912,38.1237385161221,0.0006562431007077071,0.0004947916750097647,8.380413055419922e-05,1.0,0.0005,1
558,1788800,-413.9389066696167,-4.139388809204101,17888,-0.00018415722136221058,552.9573173522949,2.0727016925811768,276.45774841308594,40.3521892875433,0.0006312413532904469,0.00046874998952262104,9.119510650634766e-05,1.0,0.0005,1
559,1792000,-435.57228422164917,-4.355722827911377,17920,-0.00017874681450402718,664.6550025939941,2.0544451773166656,332.3067798614502,57.30202866438776,0.0004499855991192984,0.0,7.832050323486328e-05,1.0,0.0005,1
560,1795200,-419.268443107605,-4.192684335708618,17952,-0.0007329107302602722,641.4773712158203,2.060873791575432,320.7173442840576,39.653991494327784,0.0010413679724487945,0.002734374924330041,6.890296936035156e-05,1.0,0.0005,1
561,1798400,-415.4275531768799,-4.1542754244804385,17984,-0.0007863994430044041,590.7674674987793,2.0470623075962067,295.3624801635742,45.875193405896425,0.0020116513510410605,0.009244791537639685,6.312131881713867e-05,1.0,0.0005,1
562,1801600,-395.3608784675598,-3.95360853433609,18016,-4.0859701395445924e-05,515.0409145355225,2.077041670680046,257.49964904785156,39.62012708373368,0.0005796981032525686,0.0,6.967782974243164e-05,1.0,0.0005,1
563,1804800,-397.3102374076843,-3.973102650642395,18048,0.0001452901471767909,498.66199111938477,2.057582452893257,249.3105640411377,39.644026689231396,0.00115695040290198,0.0023177083421614952,7.75456428527832e-05,1.0,0.0005,1
564,1808000,-362.2105407714844,-3.622105460166931,18080,-0.0004393217721273407,363.9702968597412,2.050983503460884,181.9641981124878,34.162256956100464,0.00040112911290257256,0.0,8.744001388549805e-05,1.0,0.0005,1
565,1811200,-392.48169565200806,-3.924817144870758,18112,-0.00022768216978263922,475.0189628601074,2.062241792678833,237.48863220214844,39.13824225962162,0.0004089400869141765,0.00023437499476131052,8.45789909362793e-05,1.0,0.0005,1
566,1814400,-403.2009072303772,-4.032009103298187,18144,0.0007332942241313756,464.7952308654785,2.083916038274765,232.37751007080078,45.082020591944456,0.0021616348039978266,0.013203124806750566,0.0001131892204284668,1.0,0.0005,1
567,1817600,-459.9069380760193,-4.599069185256958,18176,-0.00020810232380119587,790.1056137084961,2.0634124726057053,395.0319633483887,48.782592460513115,0.002714431703680808,0.019635416778328363,6.35385513305664e-05,1.0,0.0005,1
568,1820800,-408.3594102859497,-4.0835940098762515,18208,0.00033074144740874445,590.4173355102539,2.0672498494386673,295.1883296966553,49.19206066802144,0.0013353830890999487,0.0032031250157160684,5.8531761169433594e-05,1.0,0.0005,1
569,1824000,-388.9322738647461,-3.889322774410248,18240,-0.00011008795983502573,519.7141780853271,2.0670225918293,259.83630561828613,35.299551256000996,0.0007076968950067543,0.00010416666555101983,5.823373794555664e-05,1.0,0.0005,1
570,1827200,-400.06925916671753,-4.000692656040192,18272,0.00019916326103253112,503.84641456604004,2.064728170633316,251.9027614593506,43.680307008326054,0.00038716474682672975,0.0,7.432699203491211e-05,1.0,0.0005,1
571,1830400,-413.69945001602173,-4.136994545459747,18304,-0.0003492743431797729,615.2435569763184,2.0742014050483704,307.6006889343262,43.289480313658714,0.0003902309092049285,0.0,5.072355270385742e-05,1.0,0.0005,1
572,1833600,-416.01744079589844,-4.160174298286438,18336,-0.00024322330980486306,571.8352432250977,2.075073629617691,285.89662742614746,46.751624308526516,0.0010479444028996163,0.0009374999972351361,5.7697296142578125e-05,1.0,0.0005,1
573,1836800,-396.27531909942627,-3.9627531147003174,18368,-0.0006439160822058199,451.2668800354004,2.067178651690483,225.6121244430542,38.569734249264,0.0010329631600151335,0.0004427083331393078,7.557868957519531e-05,1.0,0.0005,1
574,1840000,-402.1467242240906,-4.021467282772064,18400,0.0010757097152963996,491.19395637512207,2.071721598505974,245.57733535766602,44.019010949879885,0.0008394206436159266,2.604166729724966e-05,6.955862045288086e-05,1.0,0.0005,1
575,1843200,-377.13551568984985,-3.7713551783561705,18432,6.522714357137804e-05,392.4860725402832,2.0653756707906723,196.2224473953247,34.57301281020045,0.000991539547613577,0.0007812500043655746,6.99162483215332e-05,1.0,0.0005,1
576,1846400,-411.9885540008545,-4.119885706901551,18464,-0.00023977204140768205,557.7404327392578,2.078124448657036,278.84919929504395,46.5134336873889,0.0003350180365949625,0.0,5.543231964111328e-05,1.0,0.0005,1
577,1849600,-393.50332975387573,-3.9350331258773803,18496,0.00010268265725543735,487.72337532043457,2.065917819738388,243.84113025665283,38.49696438387036,0.0006015639025926633,0.0003125000002910383,5.4776668548583984e-05,1.0,0.0005,1
578,1852800,-409.0972375869751,-4.090972323417663,18528,-4.7308727820105645e-05,603.6915893554688,2.069836303591728,301.8250503540039,45.89977329224348,0.0002060685569640284,0.0,4.214048385620117e-05,1.0,0.0005,1
579,1856000,-410.77882528305054,-4.107788212299347,18560,-9.52983115767303e-05,512.3586692810059,2.0691439658403397,256.1585464477539,40.39865496009588,0.00021172569262338238,0.0,5.3942203521728516e-05,1.0,0.0005,1
580,1859200,-383.9361000061035,-3.839361114501953,18592,0.00018714941555875164,463.3812789916992,2.075050935149193,231.67007732391357,40.00711689889431,0.0008113754219047309,2.604166729724966e-05,5.263090133666992e-05,1.0,0.0005,1
581,1862400,-391.2259678840637,-3.9122599363327026,18624,-6.34784902930896e-05,530.074556350708,2.046626478433609,265.01675033569336,36.109042171388865,0.00010005770769876983,0.0,3.4689903259277344e-05,1.0,0.0005,1
582,1865600,-400.2311692237854,-4.002311537265777,18656,0.00018617356760852743,539.0002479553223,2.0695082247257233,269.4796199798584,43.22292124480009,0.00022878595268673103,0.0,4.398822784423828e-05,1.0,0.0005,1
583,1868800,-378.2619776725769,-3.782619788646698,18688,0.00010225000438440768,451.91883087158203,2.0685162097215652,225.93883323669434,34.501146860420704,0.0006181064791243501,0.0,4.4465065002441406e-05,1.0,0.0005,1
584,1872000,-377.6894040107727,-3.776894044876099,18720,-0.00044633375930058783,432.7240905761719,2.06766539812088,216.34092235565186,37.499324314296246,0.00013676570432685645,0.0,4.76837158203125e-05,1.0,0.0005,1
585,1875200,-402.5389361381531,-4.02538961648941,18752,0.00016711825865811658,562.7125663757324,2.067906156182289,281.33577251434326,39.66007732227445,0.0005178222347703128,5.208333459449932e-05,3.7610530853271484e-05,1.0,0.0005,1
586,1878400,-388.09957790374756,-3.880995466709137,18784,0.0001283741751496592,427.5546989440918,2.0593300461769104,213.75688648223877,39.73448687046766,0.00027400942656265453,0.0,5.4776668548583984e-05,1.0,0.0005,1
587,1881600,-401.918212890625,-4.019182224273681,18816,-3.325205435533718e-05,547.7977294921875,2.0672862231731415,273.87815952301025,39.07681841775775,0.00011012076871075822,0.0,3.55839729309082e-05,1.0,0.0005,1
588,1884800,-395.0007076263428,-3.9500068998336793,18848,-0.00020264514475742956,487.8672924041748,2.0587508380413055,243.91285228729248,41.04558328166604,0.0010601735159533607,0.0013541666958190035,4.2557716369628906e-05,1.0,0.0005,1
589,1888000,-394.9750814437866,-3.949750874042511,18880,-0.00013155381468710203,436.32812118530273,2.0702481269836426,218.1432285308838,38.211112428456545,0.0003542544031356387,2.604166729724966e-05,6.0498714447021484e-05,1.0,0.0005,1
590,1891200,-380.10932207107544,-3.8010933780670166,18912,-0.00018649467005765752,389.89969062805176,2.051641508936882,194.92914295196533,36.69921985268593,0.001218735934345151,0.0013541666739911307,5.143880844116211e-05,1.0,0.0005,1
591,1894400,-405.82216930389404,-4.058221881389618,18944,-0.00013675440843607944,496.9005928039551,2.0484911501407623,248.42967700958252,39.39677524007857,0.00024463095837829943,5.208333459449932e-05,4.482269287109375e-05,1.0,0.0005,1
592,1897600,-393.3548183441162,-3.9335481667518617,18976,-0.0001837413944971722,462.28568267822266,2.0409972816705704,231.12224674224854,37.72854920104146,0.0017507215261511663,0.006093749943829607,4.5299530029296875e-05,1.0,0.0005,1
593,1900800,-394.8589930534363,-3.9485899591445923,19008,-0.00021864162098905737,488.5399742126465,2.046527072787285,244.24930095672607,40.88948642462492,0.001154334695457682,0.0008333333134942222,3.68952751159668e-05,1.0,0.0005,1
594,1904000,-394.727014541626,-3.947270257472992,19040,-0.00029914357116767043,510.5803470611572,2.0535584837198257,255.2693386077881,39.80440017580986,0.0004576114413915853,0.0001302083364862483,3.49879264831543e-05,1.0,0.0005,1
595,1907200,-424.95519828796387,-4.249552094936371,19072,-0.00013442359890936117,512.0009803771973,2.0443168580532074,255.97991561889648,47.250842285342515,0.00021573720857846757,0.0,7.063150405883789e-05,1.0,0.0005,1
596,1910400,-375.5540060997009,-3.7555400729179382,19104,-0.0004054937251658508,382.21570587158203,2.04364550113678,191.08700942993164,27.736494429409504,0.0010609714640858864,0.00041666667675599456,5.1021575927734375e-05,1.0,0.0005,1
597,1913600,-378.4269504547119,-3.784269480705261,19136,-0.0001783557180472517,419.90968894958496,2.0531909316778183,209.9341335296631,40.49258481711149,0.0002707249885824873,0.0,4.9591064453125e-05,1.0,0.0005,1
598,1916800,-388.2297191619873,-3.8822972869873045,19168,-0.00022340120011188347,387.53118896484375,2.041512116789818,193.7449541091919,31.015527725219727,0.0002981953306298139,0.0,7.236003875732422e-05,1.0,0.0005,1
599,1920000,-395.9997024536133,-3.9599970841407774,19200,0.00020758556556149665,514.9659461975098,2.0595308989286423,257.4625873565674,44.53971030563116,0.0007234409963537969,0.0005208333386690356,4.678964614868164e-05,1.0,0.0005,1
600,1923200,-411.73136949539185,-4.117313570976258,19232,-3.243446383738302e-05,512.5069942474365,2.05277581512928,256.2329378128052,39.3260448500514,0.00017842711548695305,0.0,5.316734313964844e-05,1.0,0.0005,1
601,1926400,-384.2108669281006,-3.8421085977554323,19264,-2.8605901578826476e-05,468.4540138244629,2.048319637775421,234.2064962387085,38.816014021635056,0.0007294151664618472,0.0002604166693345178,4.845857620239258e-05,1.0,0.0005,1
602,1929600,-374.23133611679077,-3.742313621044159,19296,-0.00014386316085623907,387.24262046813965,2.058629482984543,193.6005802154541,32.52166440337896,8.316858452500612e-05,0.0,6.496906280517578e-05,1.0,0.0005,1
603,1932800,-432.4804177284241,-4.324804179668426,19328,8.599464892655728e-05,650.029655456543,2.0544191151857376,324.99436950683594,50.498627074062824,0.00029910157860591516,0.0,3.933906555175781e-05,1.0,0.0005,1
604,1936000,-390.36822605133057,-3.903682072162628,19360,-0.0002103045599839426,444.71777725219727,2.066249802708626,222.33801746368408,34.909615375101566,0.0002026428996665325,0.0,5.048513412475586e-05,1.0,0.0005,1
605,1939200,-391.2961883544922,-3.912962009906769,19392,0.0003379287859250346,436.52685546875,2.043609783053398,218.24332904815674,40.07078120112419,0.0003846762571705923,0.0,4.935264587402344e-05,1.0,0.0005,1
606,1942400,-407.2692632675171,-4.072692646980285,19424,-0.00018394008134148265,495.11485862731934,2.0753014236688614,247.53649044036865,39.36027691606432,0.00016654678921749008,0.0,5.1140785217285156e-05,1.0,0.0005,1
607,1945600,-422.58650159835815,-4.225864927768708,19456,0.00039660675392949596,593.6856422424316,2.0656847059726715,296.822566986084,40.89009269699454,0.0009762652380240504,0.0006250000078580342,3.4928321838378906e-05,1.0,0.0005,1
608,1948800,-372.947669506073,-3.729476635456085,19488,-0.00010985669021446043,355.27374267578125,2.0647090077400208,177.61611557006836,37.40382830798626,0.004148802814598519,0.0430468756967457,4.982948303222656e-05,1.0,0.0005,1
609,1952000,-402.9426460266113,-4.029426352977753,19520,-0.0003028538652991575,520.5954723358154,2.0700093507766724,260.27672958374023,37.706262189894915,0.002017132262609176,0.016067708333139308,3.248453140258789e-05,1.0,0.0005,1
610,1955200,-423.0950665473938,-4.230950605869293,19552,0.0005637201663678537,549.1440658569336,2.0665011256933212,274.5519371032715,50.58856085687876,0.0009193283935937006,0.001276041683013318,3.647804260253906e-05,1.0,0.0005,1
611,1958400,-388.17522144317627,-3.8817522740364074,19584,-0.00038912141658331567,383.8126277923584,2.0672717541456223,191.88525295257568,34.1827093064785,0.00031343103711464467,0.0,4.4286251068115234e-05,1.0,0.0005,1
612,1961600,-394.2996163368225,-3.9429962253570556,19616,-8.725016992827683e-05,425.84755516052246,2.064264327287674,212.90304851531982,42.10981411859393,0.000343478875380183,0.0,3.546476364135742e-05,1.0,0.0005,1
613,1964800,-388.06204891204834,-3.880620446205139,19648,0.00036054045382727384,469.7423152923584,2.0629013180732727,234.8508882522583,34.09084674715996,0.000958307919746349,0.0009114583554037381,2.3663043975830078e-05,1.0,0.0005,1
614,1968000,-409.11156702041626,-4.091115598678589,19680,-8.774767725139299e-05,489.61282539367676,2.0754158347845078,244.78557300567627,45.65263378620148,0.00039342998616205527,0.0,2.8252601623535156e-05,1.0,0.0005,1
615,1971200,-394.21185207366943,-3.942118511199951,19712,0.0006533292662849466,483.8499221801758,2.0613109171390533,241.90500164031982,34.79895623028278,0.0008923492875973723,0.00036458333852351643,2.0742416381835938e-05,1.0,0.0005,1
616,1974400,-387.18579149246216,-3.8718576717376707,19744,8.492519949254707e-05,399.3618583679199,2.050620421767235,199.66050624847412,39.271845389157534,0.0001299397684997078,0.0,2.6106834411621094e-05,1.0,0.0005,1
617,1977600,-390.1869602203369,-3.901869475841522,19776,-0.00045654501677441783,405.4389133453369,2.0665923357009888,202.69833183288574,34.026372127234936,0.0013469146042560743,0.005963541705568787,2.658367156982422e-05,1.0,0.0005,1
618,1980800,-401.5626153945923,-4.015626046657562,19808,-0.0005516198242183634,432.4481563568115,2.059519976377487,216.20293140411377,42.54075566865504,0.0003155293566700362,0.0,2.3126602172851562e-05,1.0,0.0005,1
619,1984000,-391.7281093597412,-3.9172809982299803,19840,8.922893257629072e-05,409.7741451263428,2.070506736636162,204.8664608001709,33.66521082445979,0.0007142883160903916,0.00023437500567524694,2.181529998779297e-05,1.0,0.0005,1
620,1987200,-419.37769508361816,-4.193776907920838,19872,-0.0004223044943015841,550.4492301940918,2.07157301902771,275.20347023010254,47.43292582780123,0.0011878353350319667,0.0030989583319751546,1.4722347259521484e-05,1.0,0.0005,1
621,1990400,-368.721293926239,-3.6872128295898436,19904,4.8055671873381556e-05,364.26367378234863,2.0856484174728394,182.11103057861328,30.520513236522675,8.209346843636038e-05,0.0,1.9729137420654297e-05,1.0,0.0005,1
622,1993600,-371.04031562805176,-3.710403234958649,19936,-0.00012473056433770502,384.791166305542,2.0640300065279007,192.37481689453125,34.75822959840298,0.00014416875765815482,0.0,1.3828277587890625e-05,1.0,0.0005,1
623,1996800,-379.61691331863403,-3.796169090270996,19968,-5.147183946352385e-05,341.25303077697754,2.0704486668109894,170.6057596206665,31.97547511011362,8.585800611709272e-05,0.0,2.014636993408203e-05,1.0,0.0005,1
624,2000000,-390.48473024368286,-3.904847345352173,20000,-0.0006544179221417146,457.11790657043457,2.065845802426338,228.53764247894287,39.89641561359167,0.00040190854565563187,2.604166729724966e-05,1.5735626220703125e-05,1.0,0.0005,1
